1.0	2.0	1.4162059342737177e-5
2.0	3.0	3.528811022787681e-5
3.0	4.0	5.476951219933468e-5
4.0	5.0	6.969957611260846e-5
5.0	6.0	7.779019813324017e-5
6.0	7.0	7.710385036416301e-5
7.0	8.0	7.324888092685722e-5
8.0	9.0	6.549767661991057e-5
9.0	10.0	4.818381800357485e-5
10.0	11.0	2.525147064548483e-5
1.0	12.0	2.444863738418346e-6
2.0	12.0	1.171719560431883e-5
2.0	13.0	1.2214066987606409e-5
3.0	13.0	2.3074043240270403e-5
12.0	13.0	2.393126259192524e-5
3.0	14.0	2.2736075416252e-5
4.0	14.0	3.203343678308268e-5
13.0	14.0	4.58101186565224e-5
4.0	15.0	3.170776905170314e-5
5.0	15.0	3.7991807060905325e-5
14.0	15.0	6.374120583478582e-5
5.0	16.0	3.801087734298103e-5
6.0	16.0	3.977932079025914e-5
15.0	16.0	7.600268440388636e-5
6.0	17.0	3.969009364894471e-5
7.0	17.0	3.7413756715218294e-5
16.0	17.0	7.946941443920386e-5
7.0	18.0	3.7568664785506134e-5
8.0	18.0	3.5680216141351084e-5
17.0	18.0	7.498242150072443e-5
8.0	19.0	3.6040769457706956e-5
9.0	19.0	2.9456907162203616e-5
18.0	19.0	7.172098559905804e-5
9.0	20.0	2.9648237430651703e-5
10.0	20.0	1.853558057292315e-5
19.0	20.0	5.910514459285532e-5
10.0	21.0	1.951854914257478e-5
11.0	21.0	5.732921502910049e-6
20.0	21.0	3.805412971549793e-5
11.0	22.0	9.732743187246262e-6
21.0	22.0	1.546566469015631e-5
1.0	23.0	5.483282987217564e-6
2.0	23.0	1.964534232995474e-5
12.0	23.0	7.92814672563591e-6
1.0	24.0	9.012969553551242e-6
2.0	24.0	5.149089789185934e-6
3.0	24.0	4.0437200017062747e-5
12.0	24.0	6.568105815132896e-6
13.0	24.0	1.7363156776792343e-5
23.0	24.0	1.4496252540768806e-5
2.0	25.0	3.069703675907809e-5
3.0	25.0	4.591073468798723e-6
4.0	25.0	5.93605856681334e-5
13.0	25.0	1.848296977147168e-5
14.0	25.0	2.7327148885050723e-5
24.0	25.0	3.5846126548264023e-5
3.0	26.0	5.1253469265544194e-5
4.0	26.0	3.5160429337904864e-6
5.0	26.0	7.321561904639895e-5
14.0	26.0	2.8517393849292194e-5
15.0	26.0	3.5223811985493625e-5
25.0	26.0	5.584454273434292e-5
4.0	27.0	6.772397145410336e-5
5.0	27.0	1.9756046585051035e-6
6.0	27.0	7.976580279174528e-5
15.0	27.0	3.601620240240022e-5
16.0	27.0	3.9986482001486134e-5
26.0	27.0	7.124001438789385e-5
5.0	28.0	7.81121354075931e-5
7.0	28.0	7.678191308981008e-5
16.0	28.0	4.0101258064612066e-5
17.0	28.0	3.936815637459179e-5
27.0	28.0	8.00877400660982e-5
6.0	29.0	7.831953486421572e-5
7.0	29.0	1.2156845000527161e-6
8.0	29.0	7.20331964268045e-5
17.0	29.0	3.862944121527101e-5
18.0	29.0	3.635298028545342e-5
28.0	29.0	7.79975975898628e-5
7.0	30.0	7.434816495698049e-5
8.0	30.0	1.099284030123271e-6
9.0	30.0	6.43983925897873e-5
18.0	30.0	3.6779500171474355e-5
19.0	30.0	3.4941485427583685e-5
29.0	30.0	7.313248045692777e-5
8.0	31.0	6.956217823007871e-5
9.0	31.0	4.064501610168136e-6
10.0	31.0	4.4119316393406716e-5
19.0	31.0	3.352140877237175e-5
20.0	31.0	2.5583735820483566e-5
30.0	31.0	6.846289419995544e-5
9.0	32.0	5.351076345140593e-5
10.0	32.0	5.326945447831077e-6
11.0	32.0	1.9924525197653753e-5
20.0	32.0	2.3862526020754227e-5
21.0	32.0	1.4191603694743704e-5
31.0	32.0	4.944626184123779e-5
10.0	33.0	3.117203670159607e-5
11.0	33.0	5.920566056111243e-6
21.0	33.0	1.1653487559021292e-5
22.0	33.0	3.8121771311350194e-6
32.0	33.0	2.5845091253764996e-5
1.0	34.0	4.129483694673142e-6
2.0	34.0	1.8291543037410318e-5
12.0	34.0	6.5743474330914875e-6
13.0	34.0	3.0505610025016727e-5
23.0	34.0	1.353799292544422e-6
24.0	34.0	1.3142453248224384e-5
2.0	35.0	6.105549645668562e-6
3.0	35.0	2.918256058220825e-5
12.0	35.0	1.7822745249987393e-5
13.0	35.0	6.108517341937847e-6
14.0	35.0	5.191863599846025e-5
24.0	35.0	1.1254639434854496e-5
25.0	35.0	2.4591487113409527e-5
34.0	35.0	2.439709268307888e-5
3.0	36.0	1.762209696398731e-5
4.0	36.0	3.714741523534737e-5
13.0	36.0	4.0696140204257714e-5
14.0	36.0	5.113978452264689e-6
15.0	36.0	6.885518428705051e-5
25.0	36.0	2.2213170432786034e-5
26.0	36.0	3.363137230155688e-5
35.0	36.0	4.680465754619556e-5
4.0	37.0	2.82121005856506e-5
5.0	37.0	4.148747552695786e-5
14.0	37.0	6.024553736873328e-5
15.0	37.0	3.4956684660525372e-6
16.0	37.0	7.949835286993889e-5
26.0	37.0	3.172814351944109e-5
27.0	37.0	3.951187086845276e-5
36.0	37.0	6.535951582099797e-5
5.0	38.0	3.6470464846977135e-5
6.0	38.0	4.131973328626304e-5
15.0	38.0	7.446227190788246e-5
16.0	38.0	1.5404124960038956e-6
17.0	38.0	8.100982693520775e-5
27.0	38.0	3.844606950548224e-5
28.0	38.0	4.164167056061596e-5
37.0	38.0	7.7957940373935e-5
6.0	39.0	4.295344340776417e-5
7.0	39.0	3.792632675736736e-5
16.0	39.0	8.468083195769555e-5
17.0	39.0	1.319651619186707e-6
18.0	39.0	7.733479934221881e-5
28.0	39.0	4.261574026279444e-5
29.0	39.0	3.920154560173362e-5
38.0	39.0	8.629668133548743e-5
7.0	40.0	3.980058177927344e-5
8.0	40.0	3.565395725930658e-5
17.0	40.0	7.834093530996182e-5
18.0	40.0	1.100655612265933e-6
19.0	40.0	7.27799803686905e-5
29.0	40.0	3.854829078988044e-5
30.0	40.0	3.678634274719205e-5
39.0	40.0	8.093740167521409e-5
8.0	41.0	3.959302463581171e-5
9.0	41.0	2.590465198409886e-5
18.0	41.0	7.52732407771628e-5
19.0	41.0	3.5522551781047573e-6
20.0	41.0	5.555288941475056e-5
30.0	41.0	3.849374060568844e-5
31.0	41.0	2.9969153594266995e-5
40.0	41.0	7.643920046351965e-5
9.0	42.0	3.7515571886449576e-5
10.0	42.0	1.2886151346588313e-5
19.0	42.0	6.832838298374632e-5
20.0	42.0	6.5026235722202054e-6
21.0	42.0	3.3303140961680984e-5
31.0	42.0	3.326398092243065e-5
32.0	42.0	1.8458296545193236e-5
41.0	42.0	6.461261719850534e-5
10.0	43.0	2.6232400950829127e-5
20.0	43.0	4.4767981523752276e-5
21.0	43.0	6.713851808254345e-6
22.0	43.0	8.751812881901966e-6
32.0	43.0	2.090545550299805e-5
33.0	43.0	4.939635750766946e-6
42.0	43.0	4.03260319381113e-5
11.0	44.0	1.715047228401101e-5
21.0	44.0	2.2883393786921058e-5
22.0	44.0	7.417729096764747e-6
33.0	44.0	1.1229906227899766e-5
43.0	44.0	1.6169541978666713e-5
1.0	45.0	1.6007125952788304e-5
12.0	45.0	1.845198969120665e-5
23.0	45.0	1.052384296557074e-5
24.0	45.0	2.5020095506339546e-5
34.0	45.0	1.1877642258115162e-5
2.0	46.0	1.5339533516678383e-5
12.0	46.0	3.6223379123595523e-6
13.0	46.0	2.7553600504284792e-5
23.0	46.0	4.305808813276357e-6
24.0	46.0	1.0190443727492449e-5
25.0	46.0	4.603657027575647e-5
34.0	46.0	2.9520095207319352e-6
35.0	46.0	2.1445083162346945e-5
45.0	46.0	1.4829651778847097e-5
3.0	47.0	1.380816630883186e-5
13.0	47.0	9.265876931438544e-6
14.0	47.0	3.654424172508386e-5
24.0	47.0	2.6629033708230887e-5
25.0	47.0	9.217092840033136e-6
26.0	47.0	6.506163557437605e-5
35.0	47.0	1.537439427337639e-5
36.0	47.0	3.143026327281917e-5
46.0	47.0	3.6819477435723336e-5
4.0	48.0	1.0516424384418577e-5
14.0	48.0	2.1517012398664104e-5
15.0	48.0	4.2224193436121715e-5
25.0	48.0	4.8844161283714826e-5
26.0	48.0	7.00038145062809e-6
27.0	48.0	7.824039583852194e-5
36.0	48.0	2.6630990850928793e-5
37.0	48.0	3.872852497006918e-5
47.0	48.0	5.806125412374796e-5
5.0	49.0	6.0135933254296114e-6
15.0	49.0	3.1978213735475713e-5
16.0	49.0	4.402447066841064e-5
26.0	49.0	6.720202572096934e-5
27.0	49.0	4.037988666924508e-6
28.0	49.0	8.412572873302271e-5
37.0	49.0	3.547388220152825e-5
38.0	49.0	4.248405817240675e-5
48.0	49.0	7.420240717159743e-5
16.0	50.0	4.004551623232322e-5
17.0	50.0	3.9423898206880637e-5
27.0	50.0	8.003199823380935e-5
29.0	50.0	7.805333942215165e-5
38.0	50.0	4.1585928728327115e-5
39.0	50.0	4.267421187689428e-5
49.0	50.0	8.406998690073386e-5
7.0	51.0	3.0438699779359515e-6
17.0	51.0	4.671571343584267e-5
18.0	51.0	4.0808792558029974e-5
28.0	51.0	9.266886311562976e-5
29.0	51.0	1.6248415819205728e-6
30.0	51.0	8.374028928461603e-5
39.0	51.0	4.785508259776791e-5
40.0	51.0	4.35416862062181e-5
50.0	51.0	9.27339287168284e-5
8.0	52.0	4.823317780719427e-6
18.0	52.0	4.050353392207051e-5
19.0	52.0	3.121745167698753e-5
29.0	52.0	7.685651420752393e-5
30.0	52.0	3.7240337505961563e-6
31.0	52.0	6.473886044935928e-5
40.0	52.0	4.06225139822985e-5
41.0	52.0	3.4769706855092286e-5
51.0	52.0	8.808723097844075e-5
9.0	53.0	1.2334735973765859e-5
19.0	53.0	4.194320168604505e-5
20.0	53.0	1.746604441913721e-5
30.0	53.0	7.706446433327134e-5
31.0	53.0	8.249322121608946e-6
32.0	53.0	4.145134537430433e-5
41.0	53.0	3.837266982188743e-5
42.0	53.0	2.481196430078312e-5
52.0	53.0	7.332127007975596e-5
10.0	54.0	1.622346342822643e-5
20.0	54.0	3.523667993724225e-5
21.0	54.0	3.798051372974832e-6
31.0	54.0	6.147967277745008e-5
32.0	54.0	1.0759250061244972e-5
33.0	54.0	1.5751832975503368e-5
42.0	54.0	3.0224290195230944e-5
43.0	54.0	1.0684909733713835e-5
53.0	54.0	5.33411679387753e-5
11.0	55.0	1.7124205513308066e-5
21.0	55.0	2.2857127016218115e-5
22.0	55.0	7.391462326061804e-6
32.0	55.0	3.704873071096182e-5
33.0	55.0	1.1203639457196823e-5
43.0	55.0	1.614327520796377e-5
54.0	55.0	2.7244174521028632e-5
12.0	56.0	2.1017623760707926e-5
23.0	56.0	1.3089477035072017e-5
24.0	56.0	2.7585729575840823e-5
34.0	56.0	1.4443276327616439e-5
35.0	56.0	3.884036901069532e-5
45.0	56.0	2.565634069501277e-6
46.0	56.0	1.7395285848348374e-5
13.0	57.0	1.965293457643902e-5
24.0	57.0	2.289777799646675e-6
25.0	57.0	3.81359043479107e-5
34.0	57.0	1.0852675448577709e-5
35.0	57.0	1.3544417234501172e-5
36.0	57.0	6.034907478069673e-5
46.0	57.0	7.900665927845774e-6
47.0	57.0	2.8918811507877562e-5
56.0	57.0	2.5295951776194148e-5
14.0	58.0	1.6604387100882523e-5
25.0	58.0	1.07227617841682e-5
26.0	58.0	4.512178095017472e-5
35.0	58.0	3.531424889757773e-5
36.0	58.0	1.1490408648617834e-5
37.0	58.0	7.68499244696158e-5
47.0	58.0	1.9939854624201336e-5
48.0	58.0	3.8121399499546627e-5
57.0	58.0	4.88586661320789e-5
15.0	59.0	1.1203346449370488e-5
26.0	59.0	2.4020465536123137e-5
27.0	59.0	4.721954885177071e-5
36.0	59.0	5.765183783768002e-5
37.0	59.0	7.707677983317951e-6
38.0	59.0	8.566561835725295e-5
48.0	59.0	3.102084698675123e-5
49.0	59.0	4.31815601848462e-5
58.0	59.0	6.914224648629785e-5
16.0	60.0	5.013061701392152e-6
27.0	60.0	3.497342030009398e-5
28.0	60.0	4.511431976600422e-5
37.0	60.0	7.448529116854674e-5
38.0	60.0	3.4726492053882563e-6
39.0	60.0	8.993939266921964e-5
49.0	60.0	3.901140896701849e-5
50.0	60.0	4.505857793371537e-5
59.0	60.0	8.219296915186469e-5
17.0	61.0	1.5594698086480643e-6
28.0	61.0	4.19911291238339e-5
29.0	61.0	3.811351847890749e-5
38.0	61.0	8.475772000510388e-5
40.0	61.0	7.8915025465824e-5
50.0	61.0	4.2048376782354206e-5
51.0	61.0	4.636690127107789e-5
60.0	61.0	8.832418037620792e-5
18.0	62.0	5.989526248527505e-6
29.0	62.0	4.723194481719893e-5
30.0	62.0	3.573677869009242e-5
39.0	62.0	9.464247285478897e-5
40.0	62.0	4.94120112778e-6
41.0	62.0	7.94078876299262e-5
51.0	62.0	5.451535422111057e-5
52.0	62.0	3.9961691131931585e-5
61.0	62.0	9.208220074904826e-5
19.0	63.0	1.0793372154704883e-5
30.0	63.0	4.573485758228857e-5
31.0	63.0	2.272803661766687e-5
40.0	63.0	8.389836074938643e-5
41.0	63.0	7.241116976600126e-6
42.0	63.0	5.703819099330977e-5
52.0	63.0	4.201082383169241e-5
53.0	63.0	3.1094296619307496e-5
62.0	63.0	8.762292735730601e-5
20.0	64.0	2.0396530335433093e-5
31.0	64.0	4.736543571537823e-5
32.0	64.0	4.7579744990385645e-6
41.0	64.0	7.895719671823058e-5
42.0	64.0	1.4516870710061985e-5
43.0	64.0	2.6795305377572916e-5
53.0	64.0	3.892401660055628e-5
54.0	64.0	1.624502920865793e-5
63.0	64.0	7.132402695923515e-5
21.0	65.0	2.3559028523945812e-5
32.0	65.0	3.8900964874865515e-5
33.0	65.0	1.0960941074325258e-5
42.0	65.0	6.087317753502644e-5
43.0	65.0	1.6300970215151867e-5
44.0	65.0	1.1792306977379194e-6
54.0	65.0	2.8331199013037187e-5
55.0	65.0	1.1508348143031242e-6
64.0	65.0	4.635423908112754e-5
22.0	66.0	2.2953206467571374e-5
33.0	66.0	2.6765383598706394e-5
43.0	66.0	3.170501934947334e-5
44.0	66.0	1.5535477370806627e-5
55.0	66.0	1.556174414150957e-5
65.0	66.0	1.7973971456482954e-5
23.0	67.0	2.9599312688782797e-5
34.0	67.0	3.095311198132722e-5
45.0	67.0	1.9075469723212057e-5
46.0	67.0	3.3905121502059155e-5
56.0	67.0	1.650983565371078e-5
24.0	68.0	2.837341850740749e-5
34.0	68.0	1.5230965259183105e-5
35.0	68.0	3.9628057942261985e-5
45.0	68.0	3.3533230010679427e-6
46.0	68.0	1.818297477991504e-5
47.0	68.0	5.5002452215638375e-5
57.0	68.0	2.6083640707760813e-5
67.0	68.0	1.5722146722144115e-5
25.0	69.0	2.5896256601043444e-5
35.0	69.0	1.3047694876339166e-6
36.0	69.0	4.810942703382948e-5
46.0	69.0	2.014031367471303e-5
47.0	69.0	1.6679163761010307e-5
48.0	69.0	7.474041788475827e-5
57.0	69.0	1.2239647746867255e-5
58.0	69.0	3.6619018385211644e-5
68.0	69.0	3.832328845462807e-5
26.0	70.0	1.9715547004181544e-5
36.0	70.0	1.391582529737534e-5
37.0	70.0	5.144369052362263e-5
47.0	70.0	4.534608857019451e-5
48.0	70.0	1.2715165553553454e-5
49.0	70.0	8.691757272515088e-5
58.0	70.0	2.5406233945993173e-5
59.0	70.0	4.373601254030468e-5
69.0	70.0	6.202525233120482e-5
27.0	71.0	1.127712508715295e-5
37.0	71.0	2.8234745781299808e-5
38.0	71.0	4.972319459263519e-5
48.0	71.0	6.696327075136899e-5
49.0	71.0	7.2391364202284425e-6
50.0	71.0	9.13091233209623e-5
59.0	71.0	3.594242376461776e-5
60.0	71.0	4.625054538724693e-5
70.0	71.0	7.967843630492244e-5
28.0	72.0	1.8628678519622133e-6
38.0	72.0	3.977880270865375e-5
39.0	72.0	4.4569836238586914e-5
49.0	72.0	8.22628608810605e-5
50.0	72.0	1.8071260196733663e-6
51.0	72.0	9.484332727951761e-5
60.0	72.0	4.3251451914042005e-5
61.0	72.0	4.390432103516147e-5
71.0	72.0	8.950199730128894e-5
29.0	73.0	5.750413106582884e-6
39.0	73.0	5.572336462537032e-5
40.0	73.0	4.2589236445616614e-5
50.0	73.0	0.00010333047466270216
51.0	73.0	4.8853671052359125e-6
52.0	73.0	9.033341165838964e-5
61.0	73.0	5.391858451803079e-5
62.0	73.0	5.435305555322803e-5
72.0	73.0	0.00010558969213558515
30.0	74.0	8.80297184822909e-6
40.0	74.0	4.585438821864416e-5
41.0	74.0	2.969076875745935e-5
51.0	74.0	9.401570780103158e-5
52.0	74.0	5.078938097632935e-6
53.0	74.0	6.821620036926352e-5
62.0	74.0	4.572374115540015e-5
63.0	74.0	3.693188573405948e-5
73.0	74.0	9.668295539189053e-5
31.0	75.0	2.3539307881903504e-5
41.0	75.0	5.35084614761705e-5
42.0	75.0	8.6411567022133e-6
52.0	75.0	8.827816833126279e-5
53.0	75.0	1.5411097707068844e-5
54.0	75.0	3.733378991879237e-5
63.0	75.0	4.626734449957037e-5
64.0	75.0	2.2551648884911604e-5
74.0	75.0	8.319923023362985e-5
32.0	76.0	2.9238491883544004e-5
42.0	76.0	4.9245739975265904e-5
43.0	76.0	8.128167475618684e-6
53.0	76.0	7.125007867166754e-5
54.0	76.0	1.9132069837282515e-5
55.0	76.0	8.173308308903716e-6
64.0	76.0	3.56450537399268e-5
65.0	76.0	7.6798020263164e-6
75.0	76.0	5.539932834196514e-5
33.0	77.0	3.131060280753273e-5
43.0	77.0	3.6250238558299674e-5
44.0	77.0	2.0080696579632962e-5
54.0	77.0	4.786926613953694e-5
55.0	77.0	2.0106963350335905e-5
65.0	77.0	2.2887613727131957e-5
66.0	77.0	4.545219208826334e-6
76.0	77.0	2.8477315515203694e-5
34.0	78.0	3.6986419972032114e-5
45.0	78.0	2.5108777713916952e-5
46.0	78.0	3.993842949276405e-5
56.0	78.0	2.2543143644415675e-5
57.0	78.0	4.783909542060982e-5
67.0	78.0	6.033307990704895e-6
68.0	78.0	2.175545471284901e-5
35.0	79.0	3.495177790220627e-5
46.0	79.0	1.3506694739859326e-5
47.0	79.0	5.032617217558266e-5
56.0	79.0	3.888591108489048e-6
57.0	79.0	2.14073606677051e-5
58.0	79.0	7.0266026799784e-5
68.0	79.0	4.676280040055714e-6
69.0	79.0	3.3647008414572355e-5
78.0	79.0	2.6431734752904723e-5
36.0	80.0	2.9590881200011743e-5
47.0	80.0	1.8393820728074273e-6
48.0	80.0	5.6221872050940536e-5
57.0	80.0	3.075819358068499e-5
58.0	80.0	1.810047255139391e-5
59.0	80.0	8.724271903769176e-5
69.0	80.0	1.8518545833817734e-5
70.0	80.0	4.350670649738708e-5
79.0	80.0	5.216555424839009e-5
37.0	81.0	1.9870112015249464e-5
48.0	81.0	1.8858412954819714e-5
49.0	81.0	5.5343994216777714e-5
58.0	81.0	5.697981245436634e-5
59.0	81.0	1.2162434031931513e-5
60.0	81.0	9.43554031837962e-5
70.0	81.0	3.157357850837317e-5
71.0	81.0	4.810485779654927e-5
80.0	81.0	7.508028500576025e-5
38.0	82.0	9.248509093714996e-6
49.0	82.0	3.323554907869175e-5
50.0	82.0	5.083443782204211e-5
59.0	82.0	7.641710926353795e-5
60.0	82.0	5.77585988832674e-6
61.0	82.0	9.425607104020134e-5
71.0	82.0	4.047468549892019e-5
72.0	82.0	4.9027311802368745e-5
81.0	82.0	8.857954329546947e-5
39.0	83.0	1.1478853981842951e-6
50.0	83.0	4.177623680239051e-5
51.0	83.0	4.3969906226877935e-5
60.0	83.0	8.683481473610588e-5
62.0	83.0	8.838828025255027e-5
72.0	83.0	4.3583362822063876e-5
73.0	83.0	5.110301342991143e-5
82.0	83.0	9.261067462443262e-5
40.0	84.0	6.797868367330472e-6
51.0	84.0	4.997573124760307e-5
52.0	84.0	3.300708808191469e-5
61.0	84.0	8.366283000737553e-5
62.0	84.0	2.6893541231945945e-6
63.0	84.0	7.519937074738742e-5
73.0	84.0	4.951257268564305e-5
74.0	84.0	3.810796381608937e-5
83.0	84.0	8.06151907685926e-5
41.0	85.0	2.3101067718217516e-5
52.0	85.0	5.78707745733098e-5
53.0	85.0	1.515274494363978e-5
62.0	85.0	0.00010561602508486794
63.0	85.0	1.585995074161739e-5
64.0	85.0	5.4605377506217716e-5
74.0	85.0	5.279183647567687e-5
75.0	85.0	3.0407393757952983e-5
84.0	85.0	9.112782593388113e-5
42.0	86.0	4.088078935254775e-5
53.0	86.0	6.448331188941636e-5
54.0	86.0	9.193121423573483e-6
63.0	86.0	9.713330013222752e-5
64.0	86.0	2.639818092333267e-5
65.0	86.0	1.98388834333658e-5
75.0	86.0	4.777452250564651e-5
76.0	86.0	1.0865342963483537e-5
85.0	86.0	8.021363918580578e-5
43.0	87.0	3.9018205722635146e-5
54.0	87.0	5.070855993874148e-5
55.0	87.0	2.2874930514671377e-5
64.0	87.0	6.792605757156942e-5
65.0	87.0	2.5879944753991104e-5
66.0	87.0	7.313186373161806e-6
76.0	87.0	3.127240815411927e-5
77.0	87.0	2.767967164335472e-6
86.0	87.0	4.3791014576491335e-5
44.0	88.0	4.044036689229702e-5
55.0	88.0	4.046663366299996e-5
65.0	88.0	4.4897583338832175e-5
66.0	88.0	2.4904889521490392e-5
77.0	88.0	2.0359670312664058e-5
87.0	88.0	1.7591703148328586e-5
45.0	89.0	4.660714364511376e-5
56.0	89.0	4.404150957561248e-5
67.0	89.0	2.75316739219017e-5
68.0	89.0	4.3253820644045815e-5
78.0	89.0	2.1498365931196806e-5
46.0	90.0	4.40320496612745e-5
56.0	90.0	2.6636763812926123e-5
57.0	90.0	5.193271558912027e-5
67.0	90.0	1.0126928159215343e-5
68.0	90.0	2.5849074881359457e-5
69.0	90.0	6.417236333598753e-5
78.0	90.0	4.093620168510448e-6
79.0	90.0	3.052535492141517e-5
89.0	90.0	1.7404745762686358e-5
47.0	91.0	4.223259710321725e-5
57.0	91.0	1.3313785595339689e-5
58.0	91.0	6.217245172741859e-5
68.0	91.0	1.2769855112421125e-5
69.0	91.0	2.5553433342206944e-5
70.0	91.0	8.757868567341176e-5
79.0	91.0	8.093575072365411e-6
80.0	91.0	4.407197917602468e-5
90.0	91.0	3.861892999378058e-5
48.0	92.0	3.090258429852555e-5
58.0	92.0	7.218815201021078e-6
59.0	92.0	6.192343128527678e-5
69.0	92.0	4.383783358623272e-5
70.0	92.0	1.8187418744972095e-5
71.0	92.0	9.786585504989453e-5
80.0	92.0	2.5319287752414987e-5
81.0	92.0	4.976099725334526e-5
91.0	92.0	6.939126692843967e-5
49.0	93.0	1.7726853017124844e-5
59.0	93.0	2.5454707167721358e-5
60.0	93.0	5.6738261984143334e-5
70.0	93.0	6.919071970802604e-5
71.0	93.0	1.0487716596896401e-5
72.0	93.0	9.998971389818534e-5
81.0	93.0	3.761714119965287e-5
82.0	93.0	5.0962402095816595e-5
92.0	93.0	8.737813845299813e-5
50.0	94.0	5.0873176689197885e-6
60.0	94.0	3.997126026479558e-5
61.0	94.0	4.7273124745168174e-5
71.0	94.0	8.622180565204252e-5
72.0	94.0	3.2801916492464223e-6
73.0	94.0	0.00010969049429752948
82.0	94.0	4.574712015312232e-5
83.0	94.0	4.68635544713103e-5
93.0	94.0	9.670952224893892e-5
51.0	95.0	1.0252274801099014e-5
61.0	95.0	4.8563542614169006e-5
62.0	95.0	3.5688248049635446e-5
72.0	95.0	9.003561509542124e-5
73.0	95.0	6.970269145980182e-6
74.0	95.0	7.176030265156064e-5
83.0	95.0	4.6452252273357364e-5
84.0	95.0	3.396229564286553e-5
94.0	95.0	9.331580674466766e-5
52.0	96.0	2.0633341598685906e-5
62.0	96.0	6.33701958542775e-5
63.0	96.0	2.1377482233006506e-5
73.0	96.0	0.00011612862757373587
74.0	96.0	1.555440350105297e-5
75.0	96.0	6.764482673257688e-5
84.0	96.0	5.372955200104088e-5
85.0	96.0	3.7237432974623896e-5
95.0	96.0	8.731470615261361e-5
53.0	97.0	3.860987904689716e-5
63.0	97.0	6.93650508034776e-5
64.0	97.0	1.7556706433668467e-6
74.0	97.0	0.00010631817217261791
75.0	97.0	2.307110283039312e-5
76.0	97.0	3.213416912039353e-5
85.0	97.0	5.349598067573479e-5
86.0	97.0	2.319024484127557e-5
96.0	97.0	9.075482497345468e-5
54.0	98.0	4.8130158510302847e-5
64.0	98.0	6.580804019770383e-5
65.0	98.0	2.236792154284227e-5
75.0	98.0	8.435044639130854e-5
76.0	98.0	2.815872465721473e-5
77.0	98.0	1.151805443213711e-6
86.0	98.0	4.0889019731995126e-5
87.0	98.0	4.001069597372556e-6
97.0	98.0	6.065125564392529e-5
55.0	99.0	4.9300219435777226e-5
65.0	99.0	5.444719546100088e-5
66.0	99.0	3.3738475294267656e-5
76.0	99.0	5.7956659143900315e-5
77.0	99.0	2.919325608544132e-5
87.0	99.0	2.642528892110585e-5
88.0	99.0	8.833585772777264e-6
98.0	99.0	3.1202486383064043e-5
56.0	100.0	5.3602996894303034e-5
67.0	100.0	3.7093161240592254e-5
68.0	100.0	5.281530796273637e-5
78.0	100.0	3.105985324988736e-5
79.0	100.0	5.749158800279208e-5
89.0	100.0	9.561487318690554e-6
90.0	100.0	2.696623308137691e-5
57.0	101.0	5.012153657349416e-5
68.0	101.0	2.403789586573335e-5
69.0	101.0	6.236118432036142e-5
78.0	101.0	2.2824411528843402e-6
79.0	101.0	2.8714175905789063e-5
80.0	101.0	8.087973015417915e-5
90.0	101.0	1.8111790156261076e-6
91.0	101.0	3.6807750978154474e-5
100.0	101.0	2.877741209700302e-5
58.0	102.0	4.494150785473716e-5
69.0	102.0	8.322489469525518e-6
70.0	102.0	7.034774180073033e-5
79.0	102.0	2.5324518945046837e-5
80.0	102.0	2.6841035303343252e-5
81.0	102.0	0.0001019213203091035
91.0	102.0	1.7230943872681426e-5
92.0	102.0	5.216032305575824e-5
101.0	102.0	5.40386948508359e-5
59.0	103.0	2.808496743226732e-5
70.0	103.0	1.5735986275213908e-5
71.0	103.0	6.409719617562901e-5
80.0	103.0	5.932718859687143e-5
81.0	103.0	1.589891233196731e-5
82.0	103.0	0.00010465048890981588
92.0	103.0	3.3958727412109655e-5
93.0	103.0	5.358911103489392e-5
102.0	103.0	8.622035276918261e-5
60.0	104.0	1.3196548535931996e-5
71.0	104.0	3.305399685131494e-5
72.0	104.0	5.6448000449974e-5
81.0	104.0	8.115885464786421e-5
82.0	104.0	7.420688647605256e-6
83.0	104.0	0.00010003136327203788
93.0	104.0	4.354171344821134e-5
94.0	104.0	5.316780880072758e-5
103.0	104.0	9.721538829554128e-5
61.0	105.0	1.91628477461569e-6
72.0	105.0	4.461535354351176e-5
73.0	105.0	4.981284802674293e-5
82.0	105.0	9.36426653458805e-5
83.0	105.0	1.031990721447884e-6
84.0	105.0	7.95787425332065e-5
94.0	105.0	4.789554519275818e-5
95.0	105.0	4.542026155190948e-5
104.0	105.0	0.00010106335399348576
62.0	106.0	1.7703682846862618e-5
73.0	106.0	6.580599581662373e-5
74.0	106.0	2.4698178783852387e-5
83.0	106.0	9.351437614106561e-5
84.0	106.0	1.3303105317109986e-5
85.0	106.0	7.749001525952925e-5
95.0	106.0	4.706212386770825e-5
96.0	106.0	4.025258228490536e-5
105.0	106.0	9.248238541961773e-5
64.0	108.0	5.6955552187858256e-5
75.0	108.0	7.553159557123045e-5
76.0	108.0	2.0549601007895784e-5
85.0	108.0	0.00010611684580876656
86.0	108.0	3.2537125286180414e-5
87.0	108.0	1.0801053138174156e-5
97.0	108.0	5.236915349212846e-5
98.0	108.0	7.095033611647565e-6
65.0	109.0	6.201490998475388e-5
76.0	109.0	6.502555057632945e-5
77.0	109.0	3.619354620133797e-5
86.0	109.0	7.9449981836703e-5
87.0	109.0	3.3425579037002495e-5
88.0	109.0	1.583387588867391e-5
98.0	109.0	3.840837955727924e-5
99.0	109.0	7.000290115896646e-6
108.0	109.0	4.442214238111115e-5
66.0	110.0	5.999303198683803e-5
77.0	110.0	5.5447812778011696e-5
87.0	110.0	5.2679845613676224e-5
88.0	110.0	3.508814246534764e-5
99.0	110.0	2.6254556692570374e-5
109.0	110.0	1.925426657667373e-5
67.0	111.0	6.497992695879418e-5
78.0	111.0	5.894661896808928e-5
89.0	111.0	3.7448253036892476e-5
90.0	111.0	5.4852998799578834e-5
100.0	111.0	2.7886765718201922e-5
68.0	112.0	5.897824416306596e-5
78.0	112.0	3.722278945021695e-5
79.0	112.0	6.365452420312168e-5
89.0	112.0	1.5724423519020148e-5
90.0	112.0	3.3129169281706505e-5
91.0	112.0	7.174809927548709e-5
100.0	112.0	6.162936200329594e-6
101.0	112.0	3.494034829733261e-5
111.0	112.0	2.172382951787233e-5
69.0	113.0	6.297095614595015e-5
79.0	113.0	2.4544004381688488e-5
80.0	113.0	8.412027375340162e-5
90.0	113.0	1.031782721711033e-5
91.0	113.0	3.3787364595891625e-5
92.0	113.0	0.00011303645664787063
101.0	113.0	8.249349454916032e-6
102.0	113.0	5.3466161619684764e-5
112.0	113.0	4.8153374862019e-5
70.0	114.0	4.439275628209898e-5
81.0	114.0	7.602765488932129e-5
91.0	114.0	4.335601887487089e-5
92.0	114.0	2.617001514517957e-5
93.0	114.0	0.00011371785359229683
102.0	114.0	2.6091610211961247e-5
103.0	114.0	6.02457478315e-5
113.0	114.0	8.339123048155173e-5
71.0	115.0	2.3677107890532554e-5
81.0	115.0	2.452117595313741e-5
82.0	115.0	6.423040062472637e-5
92.0	115.0	7.437881569722291e-5
93.0	115.0	1.3169022749795651e-5
94.0	115.0	0.0001100663677841352
103.0	115.0	4.049874224177593e-5
104.0	115.0	5.6795300010450484e-5
114.0	115.0	0.00010074449007333906
72.0	116.0	7.271171416564637e-6
82.0	116.0	4.175614038580411e-5
83.0	116.0	5.085453423862851e-5
93.0	116.0	9.27185424816207e-5
94.0	116.0	3.990979767318215e-6
95.0	116.0	9.730678651198588e-5
104.0	116.0	4.9176829033409364e-5
105.0	116.0	5.18865249600764e-5
115.0	116.0	0.00010606763700203639
73.0	117.0	1.7428127636646566e-5
83.0	117.0	5.481739127187468e-5
84.0	117.0	2.55610248042976e-5
94.0	117.0	0.00010168094574318498
95.0	117.0	8.365138998517319e-6
96.0	117.0	7.894956715409629e-5
105.0	117.0	5.37854005504268e-5
106.0	117.0	3.869698486919093e-5
116.0	117.0	0.0001056719255105032
74.0	118.0	3.80226505206499e-5
84.0	118.0	7.629484691280955e-5
85.0	118.0	1.4769185955026964e-5
95.0	118.0	0.00010978295317221054
96.0	118.0	2.2468247019596932e-5
97.0	118.0	6.827365883301865e-5
106.0	118.0	6.272082930450229e-5
117.0	118.0	0.00010141781417369322
75.0	119.0	5.360223947360743e-5
85.0	119.0	8.400963323156041e-5
86.0	119.0	9.409243865235213e-6
96.0	119.0	0.0001212470662061843
97.0	119.0	3.056195764177294e-5
98.0	119.0	2.9173874399185826e-5
108.0	119.0	2.161583019381043e-5
118.0	119.0	9.877881918658737e-5
76.0	120.0	6.37450726192314e-5
86.0	120.0	7.809720345007383e-5
87.0	120.0	3.2157527706411226e-5
97.0	120.0	9.498488260670202e-5
98.0	120.0	3.7103084737152815e-5
99.0	120.0	5.732238785305377e-6
108.0	120.0	4.314667406676307e-5
109.0	120.0	1.2680513305912688e-6
119.0	120.0	6.438590341777128e-5
77.0	121.0	6.871746878793494e-5
87.0	121.0	6.594950162359947e-5
88.0	121.0	4.8357798475270886e-5
98.0	121.0	7.188755083237485e-5
99.0	121.0	3.952421270249362e-5
109.0	121.0	3.2523922586596976e-5
110.0	121.0	1.3269656009923247e-5
120.0	121.0	3.3791973917188245e-5
78.0	122.0	7.153267477937042e-5
89.0	122.0	5.0034308848173614e-5
90.0	122.0	6.743905461085997e-5
100.0	122.0	4.047282152948306e-5
101.0	122.0	6.925023362648608e-5
111.0	122.0	1.2586055811281138e-5
112.0	122.0	3.430988532915347e-5
79.0	123.0	6.976243564909392e-5
90.0	123.0	3.518356397595824e-5
91.0	123.0	7.893077110415106e-5
100.0	123.0	4.636436329798532e-6
101.0	123.0	3.723525270880485e-5
102.0	123.0	9.844984298765111e-5
112.0	123.0	2.3448872469312266e-6
113.0	123.0	5.2867058479520516e-5
122.0	123.0	4.12108439236373e-5
80.0	124.0	5.439316460942312e-5
91.0	124.0	1.0321185433398439e-5
92.0	124.0	7.97124523618381e-5
101.0	124.0	2.6486565544756036e-5
102.0	124.0	2.7552129306079864e-5
103.0	124.0	0.00011382599198358574
113.0	124.0	2.1999936426573864e-5
114.0	124.0	5.369724942640024e-5
123.0	124.0	6.7239016903916e-5
81.0	125.0	3.561254263336413e-5
92.0	125.0	1.4245097110716778e-5
93.0	125.0	7.330274133629371e-5
102.0	125.0	6.650672246779386e-5
103.0	125.0	1.9751991301811204e-5
104.0	125.0	0.00011692901859694453
114.0	125.0	4.049375652966797e-5
115.0	125.0	6.025073354359377e-5
124.0	125.0	9.411236168219919e-5
82.0	126.0	1.6927922741216683e-5
93.0	126.0	3.403447935459991e-5
94.0	126.0	6.2675042894339e-5
103.0	126.0	8.768968988582907e-5
104.0	126.0	9.507234093611427e-6
105.0	126.0	0.00011057058808709719
115.0	126.0	4.726960160073664e-5
116.0	126.0	5.868406312702079e-5
125.0	126.0	0.00010740332018723156
83.0	127.0	4.66644083205181e-6
94.0	127.0	5.152999530336211e-5
95.0	127.0	4.1785811441305554e-5
104.0	127.0	0.00010469780410408969
105.0	127.0	3.634450110603926e-6
106.0	127.0	8.88479353090138e-5
116.0	127.0	5.552097507068032e-5
117.0	127.0	5.015095043982287e-5
126.0	127.0	0.00011420503819770111
84.0	128.0	3.1585857369806204e-5
95.0	128.0	6.526624621240595e-5
96.0	128.0	2.2048459940207654e-5
105.0	128.0	0.00011068650776431543
106.0	128.0	1.8204122344697704e-5
117.0	128.0	5.6901107213888635e-5
118.0	128.0	4.4516706959804586e-5
127.0	128.0	0.00010705205765371151
85.0	129.0	5.186249960696665e-5
96.0	129.0	8.909993258159055e-5
97.0	129.0	1.6036604112483946e-6
106.0	129.0	0.0001293525148664959
108.0	129.0	5.3950996244355305e-5
118.0	129.0	6.663168556199361e-5
119.0	129.0	3.214713362459376e-5
128.0	129.0	0.0001111483925217982
86.0	130.0	7.438929511032197e-5
97.0	130.0	9.160739168171314e-5
98.0	130.0	3.3279246216126654e-5
108.0	130.0	3.944628351483969e-5
109.0	130.0	5.2065848921894144e-6
119.0	130.0	6.0831387682815207e-5
120.0	130.0	3.931116577839732e-6
129.0	130.0	9.316655373340073e-5
87.0	131.0	7.812495145521052e-5
98.0	131.0	8.453572424626958e-5
99.0	131.0	5.123047990542943e-5
108.0	131.0	8.958404356725507e-5
109.0	131.0	4.410589920834476e-5
110.0	131.0	2.4509771945393267e-5
120.0	131.0	4.539646486823469e-5
121.0	131.0	1.100451237756987e-5
130.0	131.0	4.966806611213205e-5
88.0	132.0	8.054744427452021e-5
99.0	132.0	7.171385850174294e-5
109.0	132.0	6.47135683858463e-5
110.0	132.0	4.545930180917257e-5
121.0	132.0	3.218964579924932e-5
131.0	132.0	2.1756662560956108e-5
89.0	133.0	8.756878675775237e-5
100.0	133.0	7.800729943906182e-5
111.0	133.0	5.0120533720859894e-5
112.0	133.0	7.184436323873222e-5
122.0	133.0	3.7534477909578756e-5
90.0	134.0	7.314104124417353e-5
100.0	134.0	4.617480816279662e-5
101.0	134.0	7.495222025979964e-5
111.0	134.0	1.82880424445947e-5
112.0	134.0	4.001187196246703e-5
113.0	134.0	9.384939202215487e-5
122.0	134.0	5.7019866333135605e-6
123.0	134.0	4.767000761175417e-5
133.0	134.0	3.1832491276265196e-5
91.0	135.0	0.00011382363072797631
101.0	135.0	4.852705495504031e-5
102.0	135.0	0.0001443911498597351
112.0	135.0	1.3456767460070671e-5
113.0	135.0	7.870958550871655e-5
114.0	135.0	0.0001912453061023724
123.0	135.0	1.2353607262492496e-5
124.0	135.0	9.551395277133046e-5
134.0	135.0	8.443742126216936e-5
92.0	136.0	5.175461462623987e-5
103.0	136.0	8.581385639980563e-5
113.0	136.0	5.392950558356314e-5
114.0	136.0	2.5685113842583752e-5
115.0	136.0	0.0001262339446849278
124.0	136.0	2.7957837735598234e-5
125.0	136.0	6.610022609841687e-5
135.0	136.0	0.0001451108724862408
93.0	137.0	2.948976988380938e-5
103.0	137.0	2.4146236361202155e-5
104.0	137.0	7.311604714442593e-5
114.0	137.0	8.439198419269098e-5
115.0	137.0	1.635250588054099e-5
116.0	137.0	0.0001223883841359686
125.0	137.0	4.38982276630013e-5
126.0	137.0	6.359034873472044e-5
136.0	137.0	0.00010991319755079171
94.0	138.0	8.06706825076664e-6
104.0	138.0	4.510074054996094e-5
105.0	138.0	5.596261344352482e-5
115.0	138.0	0.00010198363221133407
116.0	138.0	4.076088483448426e-6
117.0	138.0	0.00010974801399395162
126.0	138.0	5.4607974643572366e-5
127.0	138.0	5.959706355412875e-5
137.0	138.0	0.00011830437934526985
95.0	139.0	2.090060543231964e-5
105.0	139.0	6.632086698422912e-5
106.0	139.0	2.616151843538861e-5
116.0	139.0	0.00011820739194430552
117.0	139.0	1.2535466433802323e-5
118.0	139.0	8.88823477398909e-5
127.0	139.0	6.26864168736252e-5
128.0	139.0	4.436564078008631e-5
138.0	139.0	0.00012228348042775394
96.0	140.0	4.815162333957068e-5
106.0	140.0	8.840420562447604e-5
117.0	140.0	0.00012710119049366697
118.0	140.0	2.568337631997375e-5
119.0	140.0	7.309544286661362e-5
128.0	140.0	7.020008327977834e-5
129.0	140.0	4.0948309242019865e-5
139.0	140.0	0.00011456572405986465
97.0	141.0	6.774894536227508e-5
108.0	141.0	1.5767173635928288e-5
118.0	141.0	0.00013594443687739433
119.0	141.0	3.716561769080695e-5
120.0	141.0	2.7220285726964333e-5
129.0	141.0	6.931275131540071e-5
130.0	141.0	2.344838385302948e-5
140.0	141.0	0.00011026106055742058
98.0	142.0	8.505512767314206e-5
108.0	142.0	9.002236305250924e-5
109.0	142.0	4.516113533984109e-5
119.0	142.0	0.00011107060379603177
120.0	142.0	4.643412170440613e-5
121.0	142.0	1.2510635335553616e-5
130.0	142.0	5.0653289285650154e-5
131.0	142.0	1.6855388899321963e-6
141.0	142.0	7.376034402210434e-5
99.0	143.0	8.964152979393236e-5
109.0	143.0	8.264123967803572e-5
110.0	143.0	6.338697310136199e-5
120.0	143.0	8.390929100862698e-5
121.0	143.0	5.011731709143874e-5
131.0	143.0	4.000264075862564e-5
132.0	143.0	1.7927671292189418e-5
142.0	143.0	3.780172958758868e-5
100.0	144.0	9.402697246778391e-5
111.0	144.0	6.614020674958199e-5
112.0	144.0	8.786403626745432e-5
122.0	144.0	5.355415093830085e-5
123.0	144.0	0.00010187654683279751
133.0	144.0	1.6019673028722092e-5
134.0	144.0	4.785216430498729e-5
101.0	145.0	7.848562384113238e-5
112.0	145.0	3.8892015809658846e-5
113.0	145.0	0.0001008921972603115
123.0	145.0	4.7554727492899776e-5
124.0	145.0	0.00010849959752436157
134.0	145.0	6.448527495925946e-6
135.0	145.0	9.39244754348237e-5
144.0	145.0	6.067351176987993e-5
102.0	146.0	6.330537022997865e-5
113.0	146.0	1.2633985366287889e-5
114.0	146.0	9.267145810786872e-5
123.0	146.0	3.917204237458289e-5
124.0	146.0	3.244809777413532e-5
125.0	146.0	0.0001379452999383454
135.0	146.0	5.4466230579418064e-5
136.0	146.0	6.375974729130139e-5
145.0	146.0	8.612159175556539e-5
103.0	147.0	4.099089009880505e-5
114.0	147.0	1.9137852458475045e-5
115.0	147.0	8.141097838391952e-5
124.0	147.0	7.269392059952584e-5
125.0	147.0	2.1277259797412725e-5
126.0	147.0	0.0001284311495699103
136.0	147.0	4.4736082863927606e-5
137.0	147.0	6.509023124982279e-5
146.0	147.0	0.00011386235396115252
104.0	148.0	1.898558429896946e-5
115.0	148.0	3.777284317563794e-5
116.0	148.0	6.816241333237882e-5
125.0	148.0	9.790656176213374e-5
126.0	148.0	9.478350205358033e-6
127.0	148.0	0.00012368338840305915
137.0	148.0	5.409359030963008e-5
138.0	148.0	6.40863248489304e-5
147.0	148.0	0.00011895279936455228
105.0	149.0	6.8634571212811135e-6
116.0	149.0	5.874998208135751e-5
117.0	149.0	4.6921943429145685e-5
126.0	149.0	0.0001174340452083783
127.0	149.0	3.2290070106771873e-6
128.0	149.0	0.00010382305064303432
138.0	149.0	6.282607056480594e-5
139.0	149.0	5.945740986294801e-5
148.0	149.0	0.00012691239541373633
106.0	150.0	4.245565955419972e-5
117.0	150.0	8.115264442339065e-5
118.0	150.0	2.026516975030257e-5
127.0	150.0	0.00013130359486321352
128.0	150.0	2.4251537209502017e-5
129.0	150.0	8.689685531229618e-5
139.0	150.0	6.861717798958833e-5
140.0	150.0	4.594854607027632e-5
149.0	150.0	0.00012807458785253634
118.0	151.0	0.00010086904473323444
119.0	151.0	2.090225546647062e-6
128.0	151.0	0.00014538575169303902
129.0	151.0	3.423735917124082e-5
130.0	151.0	5.8728936157174313e-5
140.0	151.0	7.518566841326069e-5
141.0	151.0	3.507539214415989e-5
150.0	151.0	0.000121134214483537
108.0	152.0	7.934193282390437e-5
119.0	152.0	0.00010037068289976692
120.0	152.0	3.598477948199563e-5
129.0	152.0	0.00013251781652436068
130.0	152.0	4.012637533502654e-5
131.0	152.0	8.772773415207524e-6
141.0	152.0	6.320506520895997e-5
142.0	152.0	1.0309295755048963e-5
151.0	152.0	9.828045735311985e-5
109.0	153.0	9.98488600266281e-5
120.0	153.0	0.00010114358096793959
121.0	153.0	6.664089545091508e-5
130.0	153.0	0.00010576198822021788
131.0	153.0	5.660928900949292e-5
132.0	153.0	3.3774238160114194e-5
142.0	153.0	5.413092234766283e-5
143.0	153.0	1.5469512719604373e-5
152.0	153.0	6.440197087705208e-5
110.0	154.0	0.00010209195324718812
121.0	154.0	8.882229723726487e-5
131.0	154.0	7.939483020543077e-5
132.0	154.0	5.6632651438015547e-5
143.0	154.0	3.870498014582613e-5
153.0	154.0	2.404950919923221e-5
111.0	155.0	0.00011870355427305579
122.0	155.0	0.00010611749846177465
133.0	155.0	6.85830205521959e-5
134.0	155.0	0.00010041551182846109
144.0	155.0	5.25633475234738e-5
112.0	156.0	9.086956183407269e-5
122.0	156.0	5.655967650491922e-5
123.0	156.0	0.00010528118154207372
133.0	156.0	1.9025198595340465e-5
134.0	156.0	5.085768987160566e-5
135.0	156.0	0.00017465844569554767
144.0	156.0	3.0055255666183722e-6
145.0	156.0	6.407930498638158e-5
155.0	156.0	4.955782195685543e-5
113.0	157.0	0.00012557311946530397
123.0	157.0	4.1231620008136864e-5
124.0	157.0	0.00013161237031881226
134.0	157.0	3.653733114892072e-5
135.0	157.0	0.00015305995802835168
136.0	157.0	0.00017795659685541413
145.0	157.0	3.3662142808104674e-5
146.0	157.0	0.00010163081430455837
156.0	157.0	0.00012084142944250437
114.0	158.0	4.998567790740159e-5
124.0	158.0	3.7043771247552426e-6
125.0	158.0	9.040079016320506e-5
135.0	158.0	0.00010208548010430092
136.0	158.0	2.4253460610842992e-5
137.0	158.0	0.00013421376161556084
146.0	158.0	3.65968505963915e-5
147.0	158.0	6.89895434747706e-5
157.0	158.0	0.00013775292003765085
115.0	159.0	3.6640526591060255e-5
125.0	159.0	2.3493191995442406e-5
126.0	159.0	8.374747942165028e-5
136.0	159.0	8.941975301218763e-5
137.0	159.0	2.0319779457002814e-5
138.0	159.0	0.00013835545406522265
147.0	159.0	4.4683670148260024e-5
148.0	159.0	7.426912921629225e-5
158.0	159.0	0.00011367321362303062
116.0	160.0	6.430173519644811e-6
126.0	160.0	5.225388960737598e-5
127.0	160.0	6.195114859032513e-5
137.0	160.0	0.00011594572236209156
138.0	160.0	2.354085036196385e-6
139.0	160.0	0.00012463756546395033
148.0	160.0	6.173223981273401e-5
149.0	160.0	6.518015560100232e-5
159.0	160.0	0.00013600136902902626
117.0	161.0	2.6254038008127756e-5
127.0	161.0	7.640498844795063e-5
128.0	161.0	3.064706920576088e-5
138.0	161.0	0.00013600205200207938
139.0	161.0	1.3718571574325433e-5
140.0	161.0	0.00010084715248553922
149.0	161.0	7.317598143727344e-5
150.0	161.0	5.4898606415262896e-5
160.0	161.0	0.00013835613703827576
118.0	162.0	5.34213580862114e-5
128.0	162.0	9.793806504601599e-5
129.0	162.0	1.3210327475782213e-5
139.0	162.0	0.0001423037058261023
140.0	162.0	2.773798176623765e-5
141.0	162.0	8.252307879118292e-5
150.0	162.0	7.368652783651397e-5
151.0	162.0	4.7447686647023035e-5
161.0	162.0	0.00012858513425177687
119.0	163.0	7.61474104694071e-5
129.0	163.0	0.00010829454409400086
130.0	163.0	1.576141808966177e-5
140.0	163.0	0.00014924285333602072
141.0	163.0	3.8981792778600144e-5
142.0	163.0	3.462684092462357e-5
151.0	163.0	7.405718492276003e-5
152.0	163.0	2.422327243035982e-5
162.0	163.0	0.00012150487156978307
120.0	164.0	0.00010257572641532524
130.0	164.0	0.00010712434589416582
131.0	164.0	5.8829958267559455e-5
141.0	164.0	0.00012990067930492702
142.0	164.0	5.6363106951676155e-5
143.0	164.0	1.834378826416316e-5
152.0	164.0	6.645257862947363e-5
153.0	164.0	3.200857098526603e-6
163.0	164.0	9.076899413777581e-5
121.0	165.0	0.00011273678164347434
131.0	165.0	0.0001037339177518601
132.0	165.0	8.054713584422502e-5
142.0	165.0	0.00010066489814239498
143.0	165.0	6.26194645520356e-5
153.0	165.0	4.8466962195357387e-5
154.0	165.0	2.391448440620947e-5
164.0	165.0	4.4516460008744474e-5
122.0	166.0	0.00012735525393557656
133.0	166.0	8.98207760259978e-5
134.0	166.0	0.000121653267302263
144.0	166.0	7.380110299727571e-5
145.0	166.0	0.0001443032432052593
155.0	166.0	2.123775547380191e-5
156.0	166.0	7.079557743065734e-5
123.0	167.0	0.00010866021311787166
134.0	167.0	4.64340902443926e-5
135.0	167.0	0.00019903225280362705
144.0	167.0	7.883246694885728e-6
145.0	167.0	6.103605961342835e-5
146.0	167.0	0.00014650319052686748
156.0	167.0	1.1294840449373672e-5
157.0	167.0	0.00012999560030229742
166.0	167.0	9.165541115632917e-5
124.0	168.0	5.417113299894841e-5
136.0	168.0	8.249679600987026e-5
145.0	168.0	4.862676952909864e-5
146.0	168.0	2.7838418777367137e-5
147.0	168.0	0.00012782144592078993
157.0	168.0	4.3927373724515325e-5
158.0	168.0	5.7924246494116185e-5
167.0	168.0	0.00010239574444077926
125.0	169.0	4.7466815232170245e-5
136.0	169.0	1.859729244495234e-5
137.0	169.0	9.127978668455973e-5
146.0	169.0	8.458796399788668e-5
147.0	169.0	2.6138790418975266e-5
148.0	169.0	0.00014509158978352754
158.0	169.0	4.285075305579533e-5
159.0	169.0	7.082246056723529e-5
168.0	169.0	0.00010133876239128832
126.0	170.0	3.522137964018235e-5
137.0	170.0	2.8300564479637315e-5
138.0	170.0	8.982935428375471e-5
147.0	170.0	9.320976992972796e-5
148.0	170.0	2.5743029434824316e-5
149.0	170.0	0.00015265542484856065
159.0	170.0	4.8526099781467935e-5
160.0	170.0	8.747526924755833e-5
169.0	170.0	0.00011934856034870323
127.0	171.0	1.8025542126612337e-5
138.0	171.0	7.762260568074109e-5
139.0	171.0	4.466087474701286e-5
148.0	171.0	0.00014170893052967148
149.0	171.0	1.479653511593515e-5
150.0	171.0	0.00011327805273660119
160.0	171.0	7.997669071693747e-5
161.0	171.0	5.837944632133829e-5
170.0	171.0	0.0001674519599644958
128.0	172.0	5.3042662537652885e-5
139.0	172.0	9.74083033177392e-5
140.0	172.0	1.715742074212545e-5
149.0	172.0	0.0001568657131806872
150.0	172.0	2.879112532815087e-5
151.0	172.0	9.234308915538614e-5
161.0	172.0	8.368973174341376e-5
162.0	172.0	4.48954025083631e-5
171.0	172.0	0.00014206917806475206
129.0	173.0	6.391970205026076e-5
140.0	173.0	0.00010486801129228063
141.0	173.0	5.393049265139949e-6
150.0	173.0	0.00015081655736255695
151.0	173.0	2.968234287901994e-5
152.0	173.0	6.859811447409991e-5
162.0	173.0	7.713002952604298e-5
163.0	173.0	4.437484204374009e-5
172.0	173.0	0.00012202543203440608
130.0	174.0	9.66642935425017e-5
141.0	174.0	0.00011941420941526115
142.0	174.0	4.6118604608517163e-5
151.0	174.0	0.00015448960155942104
152.0	174.0	5.620914420630119e-5
153.0	174.0	7.010637938533382e-6
163.0	174.0	8.043241663666101e-5
164.0	174.0	1.0027299600145019e-5
173.0	174.0	0.0001248072586804011
131.0	175.0	0.0001249198496572238
142.0	175.0	0.00012151992576116667
143.0	175.0	8.291494821614619e-5
152.0	175.0	0.0001314411758720047
153.0	175.0	6.901329643141674e-5
154.0	175.0	4.372400775286917e-5
164.0	175.0	6.466279006094959e-5
165.0	175.0	1.9509265075245268e-5
174.0	175.0	7.452629784387432e-5
132.0	176.0	0.0001274987845968495
143.0	176.0	0.00010957111330466007
153.0	176.0	9.640609636335604e-5
154.0	176.0	7.086613315883394e-5
165.0	176.0	4.6951648752624475e-5
175.0	176.0	2.80318850295748e-5
133.0	177.0	0.00016345928414003563
144.0	177.0	0.00014743961111131354
155.0	177.0	9.487626358783974e-5
156.0	177.0	0.00014443408554469517
166.0	177.0	7.363850811403783e-5
134.0	178.0	0.00012816743542014286
144.0	178.0	8.031527111515557e-5
145.0	178.0	0.0001516849503627162
155.0	178.0	2.775192359168177e-5
156.0	178.0	7.73097455485372e-5
157.0	178.0	0.00024899369912344835
166.0	178.0	6.514168117879859e-6
167.0	178.0	9.904969038438716e-5
177.0	178.0	6.712433999615797e-5
135.0	179.0	0.00024362878008129686
145.0	179.0	2.7477903156222733e-5
146.0	179.0	0.00014545276049347935
156.0	179.0	6.164941782521866e-5
157.0	179.0	0.00011516476824265933
158.0	179.0	0.00017094462168778653
167.0	179.0	5.691368630828591e-5
168.0	179.0	8.739431733954193e-5
178.0	179.0	0.00017691664674097742
136.0	180.0	4.2383556521363e-5
146.0	180.0	1.6540432046967028e-5
147.0	180.0	8.728877229053286e-5
157.0	180.0	0.00010864254165677462
158.0	180.0	1.8038401287462206e-5
159.0	180.0	0.0001321413771882221
168.0	180.0	3.986950055981412e-5
169.0	180.0	6.10511594159455e-5
179.0	180.0	0.00014496511589571256
137.0	181.0	4.832810750137628e-5
147.0	181.0	1.8202474978565762e-5
148.0	181.0	0.00010344329723027573
158.0	181.0	8.87538729713464e-5
159.0	181.0	2.74927889357532e-5
160.0	181.0	0.00016657309343782277
169.0	181.0	4.4933021566012036e-5
170.0	181.0	7.711747126129621e-5
180.0	181.0	0.00010754540076798523
138.0	182.0	2.1563111416891823e-5
148.0	182.0	4.2523213432038576e-5
149.0	182.0	8.438918198169776e-5
159.0	182.0	0.00011679234264833083
160.0	182.0	1.9209026380695438e-5
161.0	182.0	0.0001575651634189712
170.0	182.0	6.826624286686289e-5
171.0	182.0	9.918571709763291e-5
181.0	182.0	0.00014692919384115606
139.0	183.0	3.5667088447016715e-5
149.0	183.0	9.512449830996472e-5
150.0	183.0	3.2950089542571614e-5
160.0	183.0	0.00016030465391096704
161.0	183.0	2.194851687269128e-5
162.0	183.0	0.00010663661737908559
171.0	183.0	8.032796319402957e-5
172.0	183.0	6.174121487072248e-5
182.0	183.0	0.00017951368029166248
140.0	184.0	5.671999494136215e-5
150.0	184.0	0.00010266854101163847
151.0	184.0	1.8465673471898536e-5
161.0	184.0	0.00015756714742690137
162.0	184.0	2.89820131751245e-5
163.0	184.0	9.252285839465857e-5
172.0	184.0	7.38774156834876e-5
173.0	184.0	4.814801635091848e-5
183.0	184.0	0.00013561863055421008
141.0	185.0	8.326074532991057e-5
151.0	185.0	0.00011833613747407046
152.0	185.0	2.0055680120950603e-5
162.0	185.0	0.0001657838241210935
163.0	185.0	4.4278952551310424e-5
164.0	185.0	4.631978061365299e-5
173.0	185.0	8.865379459505052e-5
174.0	185.0	3.6153464085350584e-5
184.0	185.0	0.000136801810945969
142.0	186.0	0.00014469010837968757
152.0	186.0	0.0001557442779184272
153.0	186.0	8.594115593954627e-5
163.0	186.0	0.00018332534758175455
164.0	186.0	8.072202514177688e-5
165.0	186.0	2.9876845520416695e-5
174.0	186.0	9.17434982332285e-5
175.0	186.0	8.052365765702128e-6
185.0	186.0	0.00013290850656872061
143.0	187.0	0.00013780458510945226
153.0	187.0	0.0001252333735482213
154.0	187.0	9.909960496362613e-5
164.0	187.0	0.00011999068161823072
165.0	187.0	7.518512055741666e-5
175.0	187.0	5.6619842145283163e-5
176.0	187.0	2.8233471804792187e-5
186.0	187.0	5.573033466968662e-5
144.0	188.0	0.00017876565074050055
155.0	188.0	0.00012620230321702675
156.0	188.0	0.00017576012517388218
166.0	188.0	0.00010496454774322483
167.0	188.0	0.00021080142658229172
177.0	188.0	3.132603962918701e-5
178.0	188.0	9.845037962534497e-5
145.0	189.0	0.0001209684749408743
156.0	189.0	5.020324015371502e-5
157.0	189.0	0.00020406068110847775
166.0	189.0	2.059233727694232e-5
167.0	189.0	6.828090054673567e-5
168.0	189.0	0.00015099275573415784
178.0	189.0	2.7106505394822178e-5
179.0	189.0	0.00013650140878770315
188.0	189.0	0.00012555688502016715
146.0	190.0	5.316651049847907e-5
157.0	190.0	5.226268800129717e-6
158.0	190.0	8.024152385944338e-5
167.0	190.0	7.530513695288066e-5
168.0	190.0	2.3174848990817066e-5
169.0	190.0	0.0001232396163036818
179.0	190.0	5.19817089153345e-5
180.0	190.0	6.24452782140678e-5
189.0	190.0	0.00012667158778876495
147.0	191.0	5.158046153284396e-5
158.0	191.0	2.2107708147351017e-5
159.0	191.0	9.9307373496292e-5
168.0	191.0	8.434339703859516e-5
169.0	191.0	2.3661453425001006e-5
170.0	191.0	0.00015113840896216008
180.0	191.0	4.146889914003617e-5
181.0	191.0	7.230185027791558e-5
190.0	191.0	0.00010791547694912394
150.0	194.0	4.677441343164945e-5
161.0	194.0	0.00010167301984691235
162.0	194.0	2.6912114404864518e-5
171.0	194.0	0.00016005246616825064
172.0	194.0	1.7983288103498585e-5
173.0	194.0	0.0001040421439309075
183.0	194.0	7.972450297422107e-5
184.0	194.0	5.589412757998902e-5
151.0	195.0	6.85086608255836e-5
162.0	195.0	0.00011595634747260664
163.0	195.0	5.548524097176433e-6
172.0	195.0	0.00016085174998096974
173.0	195.0	3.882631794656366e-5
174.0	195.0	8.598094073383744e-5
184.0	195.0	8.697433429748214e-5
185.0	195.0	4.982747664848686e-5
194.0	195.0	0.00014286846187747115
152.0	196.0	0.0001292615997372515
163.0	196.0	0.0001534848721676113
164.0	196.0	6.330605648125577e-5
173.0	196.0	0.0001978597142113514
174.0	196.0	7.30524555309503e-5
185.0	196.0	0.00010920591961630088
186.0	196.0	8.564610208546578e-6
195.0	196.0	0.00015903339626478774
153.0	197.0	0.0001524806449423583
164.0	197.0	0.00014677930652870326
165.0	197.0	0.00010187113268858572
174.0	197.0	0.00015620596456095148
175.0	197.0	8.364091045986586e-5
176.0	197.0	5.4919483935961244e-5
186.0	197.0	8.611552567730968e-5
187.0	197.0	2.6686012131169057e-5
196.0	197.0	8.315350903000118e-5
154.0	198.0	0.0001520919911914831
165.0	198.0	0.00012817750678527362
175.0	198.0	0.00011027757419522154
176.0	198.0	8.122585803264915e-5
187.0	198.0	5.299238622785696e-5
197.0	198.0	2.63063740966879e-5
155.0	199.0	0.00022587250872550813
166.0	199.0	0.00020463475325170621
177.0	199.0	0.0001309962451376684
178.0	199.0	0.00019812058513382635
188.0	199.0	9.967020550848138e-5
156.0	200.0	0.00019006167650531536
166.0	200.0	0.00011926609907465802
167.0	200.0	0.00022703522067930978
177.0	200.0	4.562759096062019e-5
178.0	200.0	0.00011275193095677816
179.0	200.0	0.00034502743981206765
188.0	200.0	1.4301551331433182e-5
189.0	200.0	0.00013985843635160033
199.0	200.0	8.53686541770482e-5
157.0	201.0	0.0001373579310231116
167.0	201.0	2.2604847843437996e-5
168.0	201.0	0.00011022393161045378
178.0	201.0	6.734592252981286e-5
179.0	201.0	7.650527151645015e-5
180.0	201.0	0.0001485537342021356
189.0	201.0	4.0239417134990685e-5
190.0	201.0	8.629381016558735e-5
200.0	201.0	0.00018009785348659102
158.0	202.0	2.794036037742764e-5
168.0	202.0	2.991599549727126e-5
169.0	202.0	7.101133033564117e-5
179.0	202.0	0.00013049390009815543
180.0	202.0	9.915083112749082e-6
181.0	202.0	0.00011779660077577515
190.0	202.0	5.261839634118893e-5
191.0	202.0	5.2082829120611205e-5
201.0	202.0	0.00013887723456763103
159.0	203.0	5.3618351243744885e-5
169.0	203.0	2.7212193720779035e-5
170.0	203.0	0.00010900178552325847
180.0	203.0	9.70453603502539e-5
181.0	203.0	2.3529634557066948e-5
182.0	203.0	0.0001869148877992033
191.0	203.0	5.6615507337556154e-5
202.0	203.0	0.00010847692473404727
162.0	206.0	4.957872832646315e-5
172.0	206.0	9.447413083482625e-5
173.0	206.0	2.7551301199579825e-5
183.0	206.0	0.00015621534570554874
184.0	206.0	2.059671515133865e-5
185.0	206.0	0.00011620509579463034
194.0	206.0	7.649084273132767e-5
195.0	206.0	6.637761914614349e-5
163.0	207.0	0.00011529560336583089
173.0	207.0	0.00015967044540957098
174.0	207.0	3.486318672916988e-5
184.0	207.0	0.00020781846176048946
185.0	207.0	7.101665081452047e-5
186.0	207.0	5.204762375436722e-5
195.0	207.0	0.00012084412746300732
196.0	207.0	3.818926880178042e-5
206.0	207.0	0.0001872217466091508
164.0	208.0	0.00016992979533772803
174.0	208.0	0.00017988058642210355
175.0	208.0	0.00010280665879336081
185.0	208.0	0.00021840664129847264
186.0	208.0	0.00010803395115179895
187.0	208.0	4.186081650145516e-5
196.0	208.0	0.00010203402366964767
197.0	208.0	1.3423520275297393e-5
207.0	208.0	0.00014272948405685763
165.0	209.0	0.00017562858516471935
175.0	209.0	0.00015832442451475825
176.0	209.0	0.00012867693641209488
186.0	209.0	0.0001700971363693536
187.0	209.0	0.00010044346460730269
197.0	209.0	7.375745247613363e-5
198.0	209.0	4.745107837944573e-5
208.0	209.0	6.517430523122502e-5
166.0	210.0	0.00025219664850258117
177.0	210.0	0.00017855814038854334
178.0	210.0	0.0002456824803847013
188.0	210.0	0.00014723210075935633
189.0	210.0	0.0002727889857795235
199.0	210.0	4.756189525087495e-5
200.0	210.0	0.00013293054942792315
167.0	211.0	0.00018767038997363604
178.0	211.0	7.80725366250623e-5
179.0	211.0	0.00029332118134839076
188.0	211.0	2.037784300028267e-5
189.0	211.0	0.00010517904201988448
190.0	211.0	0.0002322122807627893
200.0	211.0	3.467939433171585e-5
201.0	211.0	0.00014541845915487517
210.0	211.0	0.000167609943759639
168.0	212.0	3.830550938523813e-5
179.0	212.0	2.933117642876339e-5
180.0	212.0	7.730084478878546e-5
189.0	212.0	0.00011122393664994568
190.0	212.0	1.5065215227252005e-5
191.0	212.0	0.00012355661651113273
201.0	212.0	7.098451951495499e-5
202.0	212.0	6.752791420572538e-5
211.0	212.0	0.00021640297866983016
169.0	213.0	4.595488695169626e-5
180.0	213.0	2.1269603515290385e-5
181.0	213.0	9.682109631293036e-5
190.0	213.0	8.995435745591285e-5
191.0	213.0	2.3130128124965384e-5
202.0	213.0	3.221031225366228e-5
203.0	213.0	8.371467298060648e-5
212.0	213.0	0.00010618651114531118
174.0	218.0	0.0001729600066092021
185.0	218.0	0.00020919255458439303
186.0	218.0	0.00010502315131252279
195.0	218.0	0.0002591290263395449
196.0	218.0	9.974775249485356e-5
197.0	218.0	1.641234933342299e-5
207.0	218.0	0.00013802055840721
208.0	218.0	4.037114691701861e-6
175.0	219.0	0.00018503452808932383
186.0	219.0	0.00020013264753041942
187.0	219.0	0.00012682236790295676
196.0	219.0	0.00018328986480178888
197.0	219.0	0.0001001363557717877
198.0	219.0	7.38299816750998e-5
208.0	219.0	9.328433843710521e-5
209.0	219.0	2.6378903295654066e-5
218.0	219.0	8.394304969546936e-5
176.0	220.0	0.00018626991102044244
187.0	220.0	0.00015803643921565025
197.0	220.0	0.0001313504270844812
198.0	220.0	0.00010504405298779329
209.0	220.0	5.759297460834756e-5
219.0	220.0	3.121407131269349e-5
177.0	221.0	0.00030446407637813033
188.0	221.0	0.0002731380367489433
199.0	221.0	0.00017346783124046194
200.0	221.0	0.00025883648541751014
210.0	221.0	0.000125905935989587
178.0	222.0	0.0002909537056077077
188.0	222.0	0.00019250332598236275
189.0	222.0	0.0003180602110025299
199.0	222.0	9.283312047388137e-5
200.0	222.0	0.00017820177465092957
201.0	222.0	0.0003582996281375206
210.0	222.0	4.527122522300642e-5
211.0	222.0	0.00021288116898264542
221.0	222.0	8.063471076658058e-5
186.0	230.0	0.00024848361830106126
196.0	230.0	0.0002237797565523268
197.0	230.0	0.00013340192385099804
207.0	230.0	0.00026528688459797695
208.0	230.0	0.00012829824383110691
209.0	230.0	5.323647108629086e-5
218.0	230.0	0.00011587751197987773
219.0	230.0	2.4565785546862838e-5
187.0	231.0	0.00019105552783027502
197.0	231.0	0.00016436951569910596
198.0	231.0	0.00013806314160241806
208.0	231.0	0.00016173283450377082
209.0	231.0	9.061206322297233e-5
219.0	231.0	6.423315992731826e-5
220.0	231.0	3.301908861462477e-5
230.0	231.0	4.524791022506629e-5
188.0	232.0	0.00034535998040122196
199.0	232.0	0.0002456897748927406
200.0	232.0	0.0003310584290697888
210.0	232.0	0.00019812787964186562
211.0	232.0	0.0003657378234015046
221.0	232.0	7.222194365227863e-5
222.0	232.0	0.0001528566544188592
196.0	240.0	0.00022226713373185714
207.0	240.0	0.00026045640253363755
208.0	240.0	0.00013481951189062974
218.0	240.0	0.0001230055794468815
219.0	240.0	3.8977268930068254e-5
230.0	240.0	1.7797803574138057e-5
197.0	241.0	0.00023269457136701016
208.0	241.0	0.00023493352019029296
209.0	241.0	0.00014444687175419694
218.0	241.0	0.00021365870934403997
219.0	241.0	0.00011288561989420923
220.0	241.0	7.5539292215839e-5
230.0	241.0	9.492124813007829e-5
231.0	241.0	3.603333701090387e-5
240.0	241.0	6.62509517380456e-5
198.0	242.0	0.00018668343588444663
209.0	242.0	0.00013877819387538552
219.0	242.0	0.00011214681289376136
220.0	242.0	8.063398554840019e-5
231.0	242.0	4.729886472451996e-5
241.0	242.0	2.025096814082713e-5
199.0	243.0	0.0003851103300762382
210.0	243.0	0.00033754843482536323
221.0	243.0	0.00021164249883577624
222.0	243.0	0.0002922772096023568
232.0	243.0	0.0001394205551834976
200.0	244.0	0.0004223113007469498
210.0	244.0	0.00028938075131902663
211.0	244.0	0.00045699069507866563
221.0	244.0	0.00016347481532943964
222.0	244.0	0.0002441095260960202
232.0	244.0	9.125287167716101e-5
243.0	244.0	4.81676835063366e-5
208.0	252.0	0.0002568256087309754
218.0	252.0	0.00023513000239894967
219.0	252.0	0.00013931850220985607
230.0	252.0	0.0001249798052558495
231.0	252.0	6.629069535724758e-5
240.0	252.0	9.500456108835407e-5
241.0	252.0	3.9407098654473145e-5
209.0	253.0	0.0004085079053122729
219.0	253.0	0.0003574990354445682
220.0	253.0	0.00029714040401151873
230.0	253.0	0.00037116400814811944
231.0	253.0	0.00023329141167789552
241.0	253.0	0.00025649542135449635
242.0	253.0	0.0001453615438085702
252.0	253.0	0.00015713492465819508
210.0	254.0	0.00044832651725429384
221.0	254.0	0.00032242058126470685
222.0	254.0	0.0004030552920312874
232.0	254.0	0.0002501986376124282
243.0	254.0	0.00011077808242893061
244.0	254.0	0.00015894576593526721
218.0	262.0	0.00023290766090759896
230.0	262.0	0.00013698738633218492
240.0	262.0	0.00010966220089506096
241.0	262.0	6.495527405451051e-5
252.0	262.0	2.9672319747933483e-5
219.0	263.0	0.00019201178104023378
230.0	263.0	0.00018270663025686385
231.0	263.0	0.00011727630249267761
240.0	263.0	0.00014666160911561458
241.0	263.0	0.0001016566447054886
242.0	263.0	6.346572174702135e-5
252.0	263.0	5.749107981855092e-5
253.0	263.0	5.2704107674234575e-5
262.0	263.0	1.9069302093131905e-5
220.0	264.0	0.00018317510583904694
231.0	264.0	0.00014154621894251816
241.0	264.0	0.00013061606094539848
242.0	264.0	8.347717526056633e-5
253.0	264.0	2.6984586452085066e-5
263.0	264.0	1.758272757982671e-5
221.0	265.0	0.00044668723745906747
232.0	265.0	0.00037446529380678883
243.0	265.0	0.00023504473862329123
244.0	265.0	0.00028321242212962783
254.0	265.0	0.00012426665619436061
222.0	266.0	0.0005160707671453824
232.0	266.0	0.00036321411272652315
243.0	266.0	0.00022379355754302555
244.0	266.0	0.00027196124104936215
254.0	266.0	0.00011301547511409493
265.0	266.0	1.1251181080265682e-5
230.0	274.0	0.00021912540382416543
240.0	274.0	0.00018002546286705846
241.0	274.0	0.00014328573535594212
252.0	274.0	9.711084005801299e-5
253.0	274.0	2.6413407614277796e-5
262.0	274.0	5.350800893902187e-5
263.0	274.0	4.129419989619727e-5
231.0	275.0	0.0002465964114197499
241.0	275.0	0.0002727084651683423
242.0	275.0	0.0001659608326646381
252.0	275.0	0.0001817317366919774
253.0	275.0	0.00022657707596251663
263.0	275.0	8.947923303673672e-5
264.0	275.0	7.385033293747846e-5
274.0	275.0	1.7929328677089225e-5
232.0	276.0	0.0004925010144718744
243.0	276.0	0.00035308045928837684
244.0	276.0	0.00040124814279471344
254.0	276.0	0.00024230237685944622
265.0	276.0	0.00011803572066508561
266.0	276.0	0.0001292869017453513
240.0	284.0	0.00019971891440302703
252.0	284.0	0.00013205937788553893
262.0	284.0	9.005671350796607e-5
263.0	284.0	8.571196023389193e-5
274.0	284.0	5.039056330518746e-5
241.0	285.0	0.00018198845326510875
252.0	285.0	0.00013565244575727516
253.0	285.0	0.00010412809330550916
262.0	285.0	8.854079048966498e-5
263.0	285.0	8.334853135468936e-5
264.0	285.0	7.477446833243902e-5
274.0	285.0	4.348165219108358e-5
275.0	285.0	5.558577288109333e-5
284.0	285.0	1.1439969408901929e-5
242.0	286.0	0.00012752698758645715
253.0	286.0	9.572013515652543e-5
263.0	286.0	7.882100548330604e-5
264.0	286.0	6.98690934500862e-5
275.0	286.0	4.8418621012857765e-5
285.0	286.0	3.8569665220528896e-6
243.0	287.0	0.0004914698741459722
254.0	287.0	0.0003806917917170416
265.0	287.0	0.000256425135522681
266.0	287.0	0.00026767631660294666
276.0	287.0	0.00013838941485759537
244.0	288.0	0.0005039847048318724
254.0	288.0	0.0003450389388966052
265.0	288.0	0.00022077228270224458
266.0	288.0	0.00023202346378251026
276.0	288.0	0.00010273656203715897
287.0	288.0	3.56528528204364e-5
252.0	296.0	0.00016610354907829798
262.0	296.0	0.00012000098798455039
263.0	296.0	0.00012055221541204526
274.0	296.0	8.493731994127798e-5
275.0	296.0	0.00011744000998324222
284.0	296.0	2.994427447658432e-5
285.0	296.0	4.4684035288735944e-5
253.0	297.0	0.0018534446365039263
263.0	297.0	0.00014360923120488933
264.0	297.0	0.00013694213077813475
274.0	297.0	5.898392757339909e-5
275.0	297.0	0.00022690387402714916
285.0	297.0	2.929328793848812e-5
286.0	297.0	2.1313009226550273e-5
296.0	297.0	0.00010397544518319179
254.0	298.0	0.0004884096377454072
265.0	298.0	0.00036414298155104663
266.0	298.0	0.0003753941626313123
276.0	298.0	0.000246107260885961
287.0	298.0	0.00010771784602836565
288.0	298.0	0.00014337069884880205
262.0	306.0	0.0002030090389229383
274.0	306.0	0.00018070383907491507
284.0	306.0	0.00011295232541497224
285.0	306.0	0.00013683938592547507
296.0	306.0	8.300805093838792e-5
263.0	307.0	0.00016723585939390866
274.0	307.0	0.00012832592927078534
275.0	307.0	0.00019171526267519035
284.0	307.0	6.33524969417603e-5
285.0	307.0	8.319796566054257e-5
286.0	307.0	8.647620134799594e-5
296.0	307.0	3.133882488108531e-5
297.0	307.0	0.00018674423469804767
306.0	307.0	5.740577045767871e-5
264.0	308.0	0.00017397667661725317
275.0	308.0	0.00021663789329135863
285.0	308.0	6.861019033767621e-5
286.0	308.0	7.278745987485435e-5
297.0	308.0	0.00021429344672111358
307.0	308.0	3.347604899826907e-5
265.0	309.0	0.0005155514088523994
276.0	309.0	0.00039751568818731375
287.0	309.0	0.0002591262733297184
288.0	309.0	0.0002947791261501548
298.0	309.0	0.00015140842730135273
266.0	310.0	0.00047242312773604356
276.0	310.0	0.00034313622599069227
287.0	310.0	0.0002047468111330969
288.0	310.0	0.0002403996639535333
298.0	310.0	9.702896510473125e-5
309.0	310.0	5.4379462196621486e-5
274.0	318.0	0.00019601049852082005
284.0	318.0	0.00012621975936241703
285.0	318.0	0.00015156886112281543
296.0	318.0	9.627548488583271e-5
297.0	318.0	0.0002965264149627025
306.0	318.0	1.3267433947444784e-5
307.0	318.0	7.159009406893534e-5
275.0	319.0	0.0004181319826875406
285.0	319.0	0.0001356906817640111
286.0	319.0	0.00013992924359961602
296.0	319.0	5.8114532518673254e-5
297.0	319.0	0.00047924500826026335
307.0	319.0	1.740689766771766e-5
308.0	319.0	7.475306069729529e-5
318.0	319.0	8.092222626362472e-5
276.0	320.0	0.0005085694638661403
287.0	320.0	0.00037018004900854495
288.0	320.0	0.00040583290182898135
298.0	320.0	0.0002624622029801793
309.0	320.0	0.00011105377567882657
310.0	320.0	0.00016543323787544806
284.0	328.0	0.00023690864254881372
296.0	328.0	0.0002069643680722294
306.0	328.0	0.00012395631713384148
307.0	328.0	0.00018992849661940084
318.0	328.0	0.00011068888318639669
285.0	329.0	0.00016861937252927358
296.0	329.0	0.00011163357000594509
297.0	329.0	0.0003272425852041788
306.0	329.0	2.862551906755717e-5
307.0	329.0	8.800955017897343e-5
308.0	329.0	0.00013766895733580755
318.0	329.0	1.5358085120112386e-5
319.0	329.0	0.00010310168740822695
328.0	329.0	9.53307980662843e-5
286.0	330.0	0.00013861898057129852
297.0	330.0	0.00027209514800116094
307.0	330.0	5.510871767009847e-5
308.0	330.0	9.849860553791892e-5
319.0	330.0	5.873639277478603e-5
329.0	330.0	3.205975032334326e-5
287.0	331.0	0.0006285344061669751
298.0	331.0	0.0005208165601386094
309.0	331.0	0.0003694081328372567
310.0	331.0	0.0004237875950338782
320.0	331.0	0.00025835435715843014
288.0	332.0	0.0002845207086484003
298.0	332.0	0.00014115000979959824
309.0	332.0	1.0258417501754491e-5
310.0	332.0	4.4121044694866995e-5
320.0	332.0	0.00012131219318058106
331.0	332.0	0.0003796665503390112
335.0	336.0	6.40658803099381e-5
336.0	337.0	4.447657886101184e-5
337.0	338.0	0.00012075340709920575
306.0	339.0	0.00026610085949407836
318.0	339.0	0.00025283342554663357
328.0	339.0	0.00014214454236023688
338.0	339.0	0.0002086458179716838
296.0	340.0	0.0002003030060458294
306.0	340.0	0.00011729495510744148
307.0	340.0	0.00018280677925879612
318.0	340.0	0.0001040275211599967
319.0	340.0	0.00023115412988264497
328.0	340.0	6.661362026399997e-6
329.0	340.0	8.866943603988431e-5
339.0	340.0	0.00014880590438663688
297.0	341.0	0.0004891552198908513
307.0	341.0	0.00012220889231595605
308.0	341.0	0.00019122097116569813
318.0	341.0	3.581822426480214e-5
319.0	341.0	0.00015576515581114132
329.0	341.0	1.809504516020445e-5
330.0	341.0	5.549069651900594e-5
340.0	341.0	8.422918886689796e-5
298.0	342.0	0.0005522764223664101
309.0	342.0	0.0004008679950650573
310.0	342.0	0.0004552474572616788
320.0	342.0	0.00028981421938623075
331.0	342.0	3.145986222780062e-5
332.0	342.0	0.0004111264125668118
335.0	346.0	7.35088598384545e-5
336.0	346.0	9.424967879707087e-6
336.0	347.0	1.165427993570154e-6
337.0	347.0	4.338630556015694e-5
346.0	347.0	1.0607223736267735e-5
337.0	348.0	4.441577866983839e-5
338.0	348.0	7.614992998729309e-5
347.0	348.0	8.766355296189013e-5
328.0	349.0	0.00026695748407327985
338.0	349.0	8.383643406074946e-5
339.0	349.0	0.00012481150004813501
348.0	349.0	0.00015998713637936095
306.0	350.0	0.00022467332598402108
318.0	350.0	0.00021105845511334002
328.0	350.0	9.747094019732025e-5
329.0	350.0	0.00019529818477323184
339.0	350.0	4.8395969475849887e-5
340.0	350.0	0.00010430674463181388
349.0	350.0	0.00017647647073682
307.0	351.0	0.00018739762563015612
318.0	351.0	0.00010832161037173382
319.0	351.0	0.00023735546188974888
328.0	351.0	2.3672728146628685e-6
329.0	351.0	9.296352525162144e-5
330.0	351.0	0.00012641493607038495
340.0	351.0	4.294089211737129e-6
341.0	351.0	8.918455352307334e-5
350.0	351.0	9.990020525452569e-5
308.0	352.0	0.00021068802310728613
319.0	352.0	0.00018422604668830148
329.0	352.0	5.617425991619185e-5
330.0	352.0	8.907493680910354e-5
341.0	352.0	4.672986379013777e-5
351.0	352.0	3.678926533542959e-5
309.0	353.0	0.0008016888999382021
320.0	353.0	0.0006906351242593756
331.0	353.0	0.00043228076710094543
332.0	353.0	0.0008119473174399566
342.0	353.0	0.0004008209048731448
310.0	354.0	0.00021476599685565952
320.0	354.0	4.481443861539946e-5
331.0	354.0	0.00022059610488307988
332.0	354.0	0.0001694399161153052
342.0	354.0	0.00025291520034601234
353.0	354.0	0.0006646833446033866
332.0	355.0	0.0015856585325662864
354.0	355.0	0.0017984060290163622
335.0	356.0	0.0004483947977215186
355.0	356.0	0.0014248744012242964
335.0	357.0	3.0104737350544752e-5
336.0	357.0	3.396114295939334e-5
346.0	357.0	4.339565876347434e-5
356.0	357.0	0.00047849953507206333
335.0	358.0	0.00011543579475661696
336.0	358.0	2.7526914110024156e-5
337.0	358.0	8.870528656325748e-5
346.0	358.0	1.4603581512779145e-5
347.0	358.0	2.919326276445021e-5
357.0	358.0	7.412716448660514e-5
336.0	359.0	3.373817715997306e-5
337.0	359.0	1.3746022781292332e-5
338.0	359.0	0.00014253080656034472
347.0	359.0	3.255482531747162e-5
348.0	359.0	6.10930693078365e-5
358.0	359.0	7.774173916837986e-5
337.0	360.0	0.0001062739474249772
338.0	360.0	1.444385767716827e-5
339.0	360.0	0.00022308967564885207
348.0	360.0	6.170607231012482e-5
349.0	360.0	9.828043823107465e-5
359.0	360.0	0.00012708397572777356
328.0	361.0	0.00021553796780120335
338.0	361.0	0.00014247250374180097
339.0	361.0	7.046774811357809e-5
340.0	361.0	0.00022233643671561013
349.0	361.0	5.6911970648356224e-5
350.0	361.0	0.00012177081013176714
360.0	361.0	0.00015721365082751383
318.0	362.0	0.0001942745683714735
328.0	362.0	8.04135398502554e-5
329.0	362.0	0.0001784763480122738
339.0	362.0	6.580461075263616e-5
340.0	362.0	8.726580459305573e-5
341.0	362.0	0.00018817797474859636
350.0	362.0	1.77582649672453e-5
351.0	362.0	8.28486544679893e-5
361.0	362.0	0.0001397286756183359
319.0	363.0	0.0002720103064767558
329.0	363.0	0.00011380138202570158
330.0	363.0	0.00014826308901990312
340.0	363.0	2.3325526977833327e-5
341.0	363.0	0.00011321792784710264
351.0	363.0	1.894395638896675e-5
352.0	363.0	5.648271141509192e-5
362.0	363.0	6.508763400489387e-5
320.0	364.0	0.0006612256849992115
331.0	364.0	0.0004028713278407814
332.0	364.0	0.0007825378781797926
342.0	364.0	0.0003714114656129808
353.0	364.0	2.940943926016404e-5
354.0	364.0	0.0006344706733565106
332.0	365.0	0.0006632517456138659
342.0	365.0	0.0010743781581806777
354.0	365.0	0.0008508064245645601
355.0	365.0	0.0009224067869524205
364.0	365.0	0.0014457896237936585
355.0	366.0	0.0010316020793546404
356.0	366.0	0.000393272321869656
365.0	366.0	0.001954008866307061
335.0	367.0	5.1951274501776945e-5
346.0	367.0	0.0001254747400571434
356.0	367.0	0.00039644352321974163
357.0	367.0	8.20560118523217e-5
366.0	367.0	0.0007897158450893976
335.0	368.0	0.0001158277487556005
336.0	368.0	4.736893219584352e-5
346.0	368.0	3.731173997557729e-5
347.0	368.0	4.8703019251451105e-5
357.0	368.0	8.365875830561039e-5
358.0	368.0	3.651535714196729e-5
367.0	368.0	0.00017134127255261965
336.0	369.0	2.054581557534686e-5
337.0	369.0	7.557074285249867e-5
346.0	369.0	8.911936846281108e-6
347.0	369.0	2.2030189981763886e-5
348.0	369.0	0.0001300617900914394
358.0	369.0	6.361147276316415e-6
359.0	369.0	6.469654678134612e-5
368.0	369.0	3.714674524315555e-5
337.0	370.0	3.120113813950161e-5
338.0	370.0	8.933207844928626e-5
347.0	370.0	7.445833392385128e-5
348.0	370.0	1.318214846199317e-5
349.0	370.0	0.00017316941853794587
359.0	370.0	4.6995560051419696e-5
360.0	370.0	7.488822077211799e-5
369.0	370.0	0.00011378126524364888
338.0	371.0	4.5861690869104994e-5
339.0	371.0	0.00016359614012964626
348.0	371.0	0.00012230798306370744
349.0	371.0	3.830055629952446e-5
350.0	371.0	0.0002164866462619876
360.0	371.0	6.0361761513822704e-5
361.0	371.0	9.622905503579042e-5
370.0	371.0	0.00013554143414168368
328.0	372.0	0.00017028166618564128
339.0	372.0	2.363032767369585e-5
340.0	372.0	0.00017715423154244869
349.0	372.0	0.00010513820595109382
350.0	372.0	7.424117993151425e-5
351.0	372.0	0.0001727239951075174
361.0	372.0	4.861700906909723e-5
362.0	372.0	9.22823748852935e-5
371.0	372.0	0.00014507868373825716
329.0	373.0	0.00017351009792798282
340.0	373.0	8.326633060162256e-5
341.0	373.0	0.00018231223345002145
350.0	373.0	2.0721509359502985e-5
351.0	373.0	7.889599957201805e-5
352.0	373.0	0.00011633846057453161
362.0	373.0	3.1642297195760256e-6
363.0	373.0	6.124515494685899e-5
372.0	373.0	9.444643301169231e-5
330.0	374.0	0.00017175443581347546
341.0	374.0	0.00014073448475821824
351.0	374.0	4.467077983993928e-5
352.0	374.0	8.146004517536887e-5
363.0	374.0	2.663687937788781e-5
373.0	374.0	3.3432087290572524e-5
331.0	375.0	0.0019345517493877112
342.0	375.0	0.0019030918871599106
353.0	375.0	0.0015022709822867658
354.0	375.0	0.00220798442253419
364.0	375.0	0.0015316804215469298
332.0	376.0	3.241335599976344e-5
342.0	376.0	0.0004913973882834719
353.0	376.0	0.001002078021023803
354.0	376.0	0.0001839596313632667
355.0	376.0	0.0020526799959778787
364.0	376.0	0.000964607842030339
365.0	376.0	0.0008774536645221343
375.0	376.0	0.0029161016821011815
354.0	377.0	0.002031045204988187
355.0	377.0	0.00022645424694069105
356.0	377.0	0.0011984201542836054
365.0	377.0	0.0011488610338931116
366.0	377.0	0.0008051478324139494
376.0	377.0	0.002341202367711478
355.0	378.0	0.0016049636037981652
356.0	378.0	0.00018008920257386873
357.0	378.0	0.0002984103324981946
366.0	378.0	0.0005733615244435247
367.0	378.0	0.0002163543206458729
377.0	378.0	0.0013785093568574741
335.0	379.0	0.00010140305121207616
346.0	379.0	2.792270009211251e-5
356.0	379.0	0.0005497978489335947
357.0	379.0	7.12983138615314e-5
358.0	379.0	2.3705799537841496e-5
367.0	379.0	0.0001533543257138531
368.0	379.0	7.471587130356882e-6
378.0	379.0	0.000369708646359726
336.0	380.0	7.254057752293726e-5
346.0	380.0	6.151787814716539e-5
347.0	380.0	7.405570849403492e-5
357.0	380.0	0.00011234305894438925
358.0	380.0	7.187701300794906e-5
359.0	380.0	0.00011853465230439605
368.0	380.0	2.2260737989957248e-5
369.0	380.0	6.827108577958646e-5
379.0	380.0	2.878138917822101e-5
337.0	381.0	3.675933471531581e-5
347.0	381.0	9.124491215351204e-6
348.0	381.0	8.360303373282001e-5
358.0	381.0	4.433144377168997e-5
359.0	381.0	2.4787183269178823e-5
360.0	381.0	0.0001489759423885363
369.0	381.0	3.502646591022514e-5
370.0	381.0	6.963754613929881e-5
380.0	381.0	8.988863548558534e-5
338.0	382.0	3.760636687004382e-5
348.0	382.0	3.854356311724927e-5
349.0	382.0	0.00012144318234381508
359.0	382.0	0.00010231307524141768
360.0	382.0	2.3162509192875547e-5
361.0	382.0	0.0001808529002938167
370.0	382.0	5.172571157924244e-5
371.0	382.0	8.361441514087395e-5
381.0	382.0	0.00012443701872972825
339.0	383.0	0.00010984410243057574
349.0	383.0	1.4966283551657122e-5
350.0	383.0	0.0001611165811949064
360.0	383.0	0.00011324557321827633
361.0	383.0	4.163721072901535e-5
362.0	383.0	0.00017879664861315052
371.0	383.0	5.332454366642106e-5
372.0	383.0	8.969646195613517e-5
382.0	383.0	0.00013640808241115188
340.0	384.0	0.00015106858567422735
350.0	384.0	4.9310441168497384e-5
351.0	384.0	0.0001467158278684878
361.0	384.0	7.121622475031534e-5
362.0	384.0	6.696607553882665e-5
363.0	384.0	0.0001305383510980367
372.0	384.0	2.3726578849911813e-5
373.0	384.0	6.936367552699152e-5
383.0	384.0	0.00011111526301036187
341.0	385.0	0.00022316797814355915
351.0	385.0	0.00010011510015985578
352.0	385.0	0.00014239839235129716
362.0	385.0	7.796499087300441e-6
363.0	385.0	8.062698984947487e-5
373.0	385.0	1.1244311990616474e-5
374.0	385.0	4.877328566124759e-5
384.0	385.0	6.728038116326183e-5
342.0	386.0	0.0012841588580381619
353.0	386.0	0.0008833379531650171
354.0	386.0	0.0015721470654439524
364.0	386.0	0.0009127473924251811
365.0	386.0	0.0023585370162188396
375.0	386.0	0.0006189330291217487
376.0	386.0	0.0021275272662138185
354.0	387.0	0.0014708257559491308
355.0	387.0	0.0003216724740401355
364.0	387.0	0.002050230629381098
365.0	387.0	0.000602178060764108
366.0	387.0	0.0013548892133333971
376.0	387.0	0.0016467606432776444
377.0	387.0	0.0005484811663699774
386.0	387.0	0.0029644066508078336
355.0	388.0	0.0012933745331085572
356.0	388.0	0.00013149986811573922
365.0	388.0	0.0022157813200609777
366.0	388.0	0.0002617724537539168
367.0	388.0	0.0005279433913354808
377.0	388.0	0.0010669202861678662
378.0	388.0	0.00031158907068960795
387.0	388.0	0.0016170713924092864
356.0	389.0	0.0005533576706652221
357.0	389.0	7.485813559315879e-5
366.0	389.0	0.0009466299925348781
367.0	389.0	0.0001569141474454805
368.0	389.0	3.6676718211168065e-6
378.0	389.0	0.0003732684680913534
379.0	389.0	3.5598217316273884e-6
388.0	389.0	0.0006848575387809613
346.0	390.0	0.0001121436137011242
357.0	390.0	0.00015663352833233035
358.0	390.0	0.0001402237480844327
367.0	390.0	0.0002408434798475168
368.0	390.0	8.166596190024286e-5
369.0	390.0	0.00013012240717258546
379.0	390.0	8.346366036214787e-5
380.0	390.0	6.85922646338466e-5
389.0	390.0	7.981039463967335e-5
347.0	391.0	6.143267675724785e-5
358.0	391.0	5.400574428218279e-5
359.0	391.0	0.00010246747535994907
368.0	391.0	1.1590731341508516e-5
369.0	391.0	5.267485921301553e-5
370.0	391.0	0.00014390309506228164
380.0	391.0	1.0458934845340239e-5
381.0	391.0	7.55759863462781e-5
390.0	391.0	7.393608138420542e-5
348.0	392.0	3.86753116319305e-5
359.0	392.0	1.973216631862034e-5
360.0	392.0	0.00010038138394205531
369.0	392.0	8.229610350134305e-5
370.0	392.0	2.5493163169937327e-5
371.0	392.0	0.00016113381224339574
381.0	392.0	4.262947116609829e-5
382.0	392.0	7.721887474917977e-5
391.0	392.0	0.00011557642126400939
349.0	393.0	7.024474915688911e-5
360.0	393.0	2.8035404732215663e-5
361.0	393.0	0.00012860120988534416
370.0	393.0	0.00010292362550433365
371.0	393.0	3.2217247890362656e-5
372.0	393.0	0.00017760828084004355
382.0	393.0	5.119791392509121e-5
383.0	393.0	8.521016848606067e-5
392.0	393.0	0.00012841678867427098
350.0	394.0	0.00012338953137975826
361.0	394.0	4.116216988128511e-6
362.0	394.0	0.00014097875376616886
371.0	394.0	9.023191978440113e-5
372.0	394.0	5.176652729244104e-5
373.0	394.0	0.00014255897474063016
383.0	394.0	3.67642959091391e-5
384.0	394.0	7.384866977014188e-5
393.0	394.0	0.00012197446439519977
351.0	395.0	0.00013553927581005741
362.0	395.0	5.634820474082395e-5
363.0	395.0	0.0001193105048528176
372.0	395.0	3.337238688719512e-5
373.0	395.0	5.88324951951302e-5
374.0	395.0	9.074381644512426e-5
384.0	395.0	9.734593945030759e-6
385.0	395.0	5.540897525273438e-5
394.0	395.0	8.26596605589342e-5
352.0	396.0	0.00015342425545923386
363.0	396.0	9.498996466733012e-5
373.0	396.0	2.9029185639432418e-5
374.0	396.0	6.438200967995614e-5
385.0	396.0	2.0975191318622984e-5
395.0	396.0	3.463743275268861e-5
353.0	397.0	0.0024479348830472314
364.0	397.0	0.0024773443223073954
375.0	397.0	0.0009456639007604656
376.0	397.0	0.004120959595769348
386.0	397.0	0.0015645969298822143
354.0	398.0	0.001211266586300868
364.0	398.0	0.00033096547321473645
365.0	398.0	0.002289598554820745
375.0	398.0	0.001744025171840695
376.0	398.0	0.0019145892027056083
377.0	398.0	0.0038459779824491975
386.0	398.0	0.0009055472313533557
387.0	398.0	0.0031106890087574555
397.0	398.0	0.0030251303683560453
355.0	399.0	0.001099554954126808
365.0	399.0	0.0020219617410792284
366.0	399.0	6.795287477216749e-5
376.0	399.0	0.003453608472709797
377.0	399.0	0.0008731007071861169
378.0	399.0	0.0005054086496713572
387.0	399.0	0.0014229484477056512
388.0	399.0	0.00019381957898174929
398.0	399.0	0.005028780722574818
356.0	400.0	0.0005414841673073156
366.0	400.0	0.0009347564891769716
367.0	400.0	0.000145040644087574
377.0	400.0	0.001739904321590921
378.0	400.0	0.0003613949647334469
379.0	400.0	8.313681626279101e-6
388.0	400.0	0.0006729840354230548
389.0	400.0	1.187350335790649e-5
399.0	400.0	0.0008668036144048041
357.0	401.0	0.00023879485552671942
367.0	401.0	0.0003208508673790411
368.0	401.0	0.00017151003248959648
378.0	401.0	0.000537205188024914
379.0	401.0	0.00016749654166518801
380.0	401.0	0.0001675246655313462
389.0	401.0	0.00016393671993356063
390.0	401.0	8.842960296110257e-5
400.0	401.0	0.00017581022329146712
358.0	402.0	0.00015169867235566878
368.0	402.0	9.220253608385508e-5
369.0	402.0	0.00014076974474905396
379.0	402.0	9.327813083455372e-5
380.0	402.0	8.054064023666923e-5
381.0	402.0	0.00014871714483086565
390.0	402.0	1.226298656704651e-5
391.0	402.0	8.511219423811784e-5
401.0	402.0	7.42184108306343e-5
359.0	403.0	5.897407662793361e-5
369.0	403.0	8.59789207339726e-6
370.0	403.0	9.90889566208214e-5
380.0	403.0	4.488450858620199e-5
381.0	403.0	3.533969625278121e-5
382.0	403.0	0.00015081466820006384
391.0	403.0	3.380061258497443e-5
392.0	403.0	7.359579345088407e-5
402.0	403.0	0.00010701798626004677
360.0	404.0	5.219831009035947e-5
370.0	404.0	2.268991068175852e-5
371.0	404.0	0.00011276321829648746
381.0	404.0	9.367578748044438e-5
382.0	404.0	2.903580089748392e-5
383.0	404.0	0.0001654438833086358
392.0	404.0	4.8183073851695846e-5
393.0	404.0	8.023371482257513e-5
403.0	404.0	0.00012177886730257992
361.0	405.0	8.164015405005418e-5
371.0	405.0	1.3975807724841418e-5
372.0	405.0	0.00013013539694279152
382.0	405.0	9.721189118958029e-5
383.0	405.0	3.9196191221571586e-5
384.0	405.0	0.00015084697767260506
393.0	405.0	4.601397726448908e-5
394.0	405.0	7.596048713071069e-5
404.0	405.0	0.0001262476920870642
362.0	406.0	0.00011324864579842836
372.0	406.0	2.395426572448846e-5
373.0	406.0	0.00011512278899317906
383.0	406.0	6.372184865086061e-5
384.0	406.0	4.652280569646657e-5
385.0	406.0	0.0001189878355948477
394.0	406.0	2.6957552741721513e-5
395.0	406.0	5.562686724870508e-5
405.0	406.0	0.0001029180398724322
363.0	407.0	0.00016760942135394768
373.0	407.0	8.45046723227718e-5
374.0	407.0	0.00012737080803391926
384.0	407.0	9.523536928570392e-6
385.0	407.0	8.436955755675843e-5
395.0	407.0	3.74987142737264e-6
396.0	407.0	5.307265334035961e-5
406.0	407.0	7.205400055139033e-5
364.0	408.0	0.0020309980764399876
375.0	408.0	0.00047988413922232077
376.0	408.0	0.003576953366224415
386.0	408.0	0.001106670010589338
387.0	408.0	0.00411050197619201
397.0	408.0	0.0004777780700469904
398.0	408.0	0.0024271827515382934
365.0	409.0	0.0006946173786576693
376.0	409.0	0.0017624565127582956
377.0	409.0	0.0004542436552354423
386.0	409.0	0.003053154394876509
387.0	409.0	9.352653056638782e-5
388.0	409.0	0.0015211639414033085
398.0	409.0	0.0032306072289095054
399.0	409.0	0.0013273443624215592
408.0	409.0	0.0041985619403610746
366.0	410.0	0.0011781864897684874
377.0	410.0	0.0019833343221824368
378.0	410.0	0.0006048249653249627
387.0	410.0	0.002534919796443034
388.0	410.0	0.0009164140360145706
389.0	410.0	0.00023155649723360927
399.0	410.0	0.00111023361499632
400.0	410.0	0.00024343000059151576
409.0	410.0	0.002437577977417879
367.0	411.0	0.0004826303168532359
378.0	411.0	0.0006989846374991088
379.0	411.0	0.0003292759911393828
388.0	411.0	0.0010105737081887167
389.0	411.0	0.0003257161694077554
390.0	411.0	0.00025445570255870365
400.0	411.0	0.0003375896727656619
401.0	411.0	0.00016177944947419476
410.0	411.0	9.415967217414611e-5
368.0	412.0	0.00020978283256819656
379.0	412.0	0.00020331341306584205
380.0	412.0	0.0002095020618811578
389.0	412.0	0.00019975359133421466
390.0	412.0	0.00012518665385827466
391.0	412.0	0.0002073776630341657
401.0	412.0	3.581687140065404e-5
402.0	412.0	0.00011003528223128833
411.0	412.0	0.00012596257807354072
369.0	413.0	0.0001089769752767699
380.0	413.0	5.037073066947965e-5
381.0	413.0	0.00012144520293833388
390.0	413.0	1.4154966854432057e-5
391.0	413.0	5.65087709063276e-5
392.0	413.0	0.00015487155019930365
402.0	413.0	2.574222951162719e-5
403.0	413.0	8.127575674841958e-5
412.0	413.0	0.00013577751174291552
370.0	414.0	5.8893489777504564e-5
381.0	414.0	1.3109357072042889e-5
382.0	414.0	0.00011492744044608547
391.0	414.0	9.129458221100823e-5
392.0	414.0	3.1276998793867664e-5
393.0	414.0	0.0001703896331472502
403.0	414.0	4.844859479848451e-5
404.0	414.0	8.347324512544993e-5
413.0	414.0	0.00013649381651023625
371.0	415.0	6.342178948143811e-5
382.0	415.0	2.011434415041813e-5
383.0	415.0	0.00011629373826073375
392.0	415.0	9.73332188995979e-5
393.0	415.0	3.108356977467308e-5
394.0	415.0	0.00015305803416987285
404.0	415.0	4.915014504790205e-5
405.0	415.0	7.709754703916216e-5
414.0	415.0	0.00013671711009864736
372.0	416.0	8.98643425604909e-5
384.0	416.0	0.00011128020761812138
393.0	416.0	8.504744708222323e-5
394.0	416.0	3.692701731297654e-5
395.0	416.0	0.00011968974397002945
405.0	416.0	3.9033469817734145e-5
406.0	416.0	6.388457005469805e-5
415.0	416.0	0.00011613101685689631
373.0	417.0	0.00010001208786402738
384.0	417.0	3.147286512112651e-5
385.0	417.0	0.00010192351412787544
394.0	417.0	4.180464287309449e-5
395.0	417.0	4.073833776588685e-5
396.0	417.0	7.893832350156849e-5
406.0	417.0	1.4847090131372975e-5
407.0	417.0	5.176891294164422e-5
416.0	417.0	7.873166018607103e-5
374.0	418.0	0.00010055461785415942
385.0	418.0	6.67979346161933e-5
395.0	418.0	1.0091456952433315e-5
396.0	418.0	4.553210806863945e-5
407.0	418.0	1.0013636640933562e-5
417.0	418.0	3.05615811291432e-5
375.0	419.0	0.012933091305996292
386.0	419.0	0.01355202433511804
397.0	419.0	0.011987427405235826
398.0	419.0	0.01926467967265805
408.0	419.0	0.012617298467433355
376.0	420.0	0.005131598982758363
386.0	420.0	0.0059645364415321775
387.0	420.0	0.0016119169230656017
397.0	420.0	0.008267379834406733
398.0	420.0	0.008103750988945948
399.0	420.0	0.00048287658100166613
408.0	420.0	0.007715247216544578
409.0	420.0	0.0014707679242971453
419.0	420.0	0.02591100898289859
377.0	421.0	0.0015509286769056357
387.0	421.0	0.0021018373513743025
388.0	421.0	0.0004840083907377696
398.0	421.0	0.005947044530311179
399.0	421.0	0.0006778279697195189
400.0	421.0	0.00018897564468528527
409.0	421.0	0.002005172332141078
410.0	421.0	0.00043240564527680103
420.0	421.0	0.0014805339531733465
378.0	422.0	0.0010937698848564326
388.0	422.0	0.0014053589555460405
389.0	422.0	0.0007205014167650792
399.0	422.0	0.0015991785345277898
400.0	422.0	0.0007323749201229857
401.0	422.0	0.0005565646968315185
410.0	422.0	0.0004889449195314699
411.0	422.0	0.0003947852473573238
421.0	422.0	0.0009213505648082709
379.0	423.0	0.0003888638322298299
389.0	423.0	0.0003853040104982025
390.0	423.0	0.0003156077022214708
400.0	423.0	0.000397177513856109
401.0	423.0	0.00022136729056464188
402.0	423.0	0.0002955857013952762
411.0	423.0	5.9587841090447125e-5
412.0	423.0	0.00018555041916398785
422.0	423.0	0.00033519740626687666
380.0	424.0	0.00019888381733332945
390.0	424.0	0.00010467746653440128
391.0	424.0	0.00019707806035530967
401.0	424.0	4.17779731235156e-6
402.0	424.0	8.813198083480036e-5
403.0	424.0	0.0002091883003938604
412.0	424.0	3.63374355135351e-5
413.0	424.0	0.00011725100718565972
423.0	424.0	0.00024622786254934126
381.0	425.0	7.816560794242802e-5
391.0	425.0	5.663644914247949e-6
392.0	425.0	0.0001166224002094708
402.0	425.0	7.710318310443271e-5
403.0	425.0	3.768386053359018e-5
404.0	425.0	0.00016830336332710247
413.0	425.0	4.94921755948072e-5
414.0	425.0	9.335277097626549e-5
424.0	425.0	0.00018349477268144024
382.0	426.0	6.259545255734837e-5
392.0	426.0	2.182137452346525e-5
393.0	426.0	0.00011856577666206104
403.0	426.0	0.00010227739502102565
404.0	426.0	3.0853081388674104e-5
405.0	426.0	0.0001688689437912625
414.0	426.0	5.828386989414473e-5
415.0	426.0	8.458475397497695e-5
425.0	426.0	0.00015192695623892372
383.0	427.0	6.844122696575416e-5
393.0	427.0	1.6768941520306502e-5
394.0	427.0	0.00010520552287489326
404.0	427.0	9.700265634288163e-5
405.0	427.0	2.924503574418258e-5
406.0	427.0	0.00013216307561661478
415.0	427.0	4.785251129497958e-5
416.0	427.0	6.827850556191672e-5
426.0	427.0	0.00013689783396341439
384.0	428.0	8.047187642299036e-5
394.0	428.0	6.533935841226968e-6
395.0	428.0	8.921183310925699e-5
405.0	428.0	6.942655128948372e-5
406.0	428.0	3.349148858294848e-5
407.0	428.0	0.00011781231238721241
416.0	428.0	3.0393081471749572e-5
417.0	428.0	4.8338578714321456e-5
427.0	428.0	9.86715870336663e-5
385.0	429.0	9.837916761318401e-5
395.0	429.0	3.764591433238303e-5
396.0	429.0	7.556746941503721e-5
406.0	429.0	1.793090640044015e-5
407.0	429.0	4.755559688867545e-5
417.0	429.0	3.0838162690671744e-6
418.0	429.0	2.7477764860076026e-5
428.0	429.0	5.142239498338863e-5
386.0	430.0	0.005183875965363526
397.0	430.0	0.003568291374328258
398.0	430.0	0.008050796640350494
408.0	430.0	0.004108611690011898
409.0	430.0	0.008336527680451216
419.0	430.0	0.008809786731392459
420.0	430.0	0.014004106442481724
387.0	431.0	0.004348329429821456
398.0	431.0	0.008985645336506252
399.0	431.0	0.0029208093416289715
408.0	431.0	0.008500614982953772
409.0	431.0	0.004248153704050531
410.0	431.0	0.0018105757266326516
420.0	431.0	0.00478185375892756
421.0	431.0	0.0022429813719094527
430.0	431.0	0.012723121782441504
388.0	432.0	0.00202467451105362
399.0	432.0	0.0022184940900353695
400.0	432.0	0.0013516904756305653
409.0	432.0	0.0035458384524569286
410.0	432.0	0.0011082604750390496
411.0	432.0	0.0010141008028649035
421.0	432.0	0.0015406661203158506
422.0	432.0	0.0006193155555075797
431.0	432.0	0.0007023152515936021
389.0	433.0	0.0006950728065674011
400.0	433.0	0.0007069463099253076
401.0	433.0	0.0005311360866338405
410.0	433.0	0.00046351630933379184
411.0	433.0	0.00036935663715964573
412.0	433.0	0.0004953192152331864
422.0	433.0	2.542861019767806e-5
423.0	433.0	0.0003097687960691986
432.0	433.0	0.0006447441657052577
390.0	434.0	0.0002809699922115015
401.0	434.0	0.00017419679215998542
402.0	434.0	0.00025908335067326914
411.0	434.0	1.0836820798616079e-5
412.0	434.0	0.00013323160689278162
413.0	434.0	0.00028852576593445896
423.0	434.0	7.898981279607709e-5
424.0	434.0	0.00019596413354176626
433.0	434.0	0.0004332847476892924
391.0	435.0	0.0001061868347446927
402.0	435.0	1.8538397329708524e-5
403.0	435.0	0.00012608171939864523
412.0	435.0	9.20370321797854e-5
413.0	435.0	4.4406991721069674e-5
414.0	435.0	0.00018534527897504362
424.0	435.0	6.763794738954278e-5
425.0	435.0	9.740058867029511e-5
434.0	435.0	0.00023932091291875403
392.0	436.0	6.205609678194496e-5
403.0	436.0	2.3976477812412173e-5
404.0	436.0	0.00011838151568102805
413.0	436.0	0.00011898683475404573
414.0	436.0	3.110006213488524e-5
415.0	436.0	0.00017583742887773956
425.0	436.0	7.063558060529185e-5
426.0	436.0	9.484356164653005e-5
435.0	436.0	0.00017162451809577813
393.0	437.0	5.28400592786012e-5
404.0	437.0	2.7485460413668855e-5
405.0	437.0	9.890668656928255e-5
414.0	437.0	0.00011335428645863103
415.0	437.0	2.172092312040559e-5
416.0	437.0	0.00013798481919015726
426.0	437.0	6.094239984947613e-5
427.0	437.0	6.96281881255147e-5
436.0	437.0	0.0001506762686656127
394.0	438.0	6.142485269255982e-5
405.0	438.0	1.4535634438150868e-5
406.0	438.0	8.838240543428133e-5
415.0	438.0	9.163318147731303e-5
416.0	438.0	2.4497835379583277e-5
417.0	438.0	0.0001032294955656543
427.0	438.0	4.378067018233345e-5
428.0	438.0	5.489091685133285e-5
437.0	438.0	0.00011345895294362731
395.0	439.0	6.830003885211432e-5
406.0	439.0	1.2637898273520909e-5
407.0	439.0	8.932074247947504e-5
416.0	439.0	5.1246671781177144e-5
417.0	439.0	2.7484988404893884e-5
418.0	439.0	5.8046569534037085e-5
428.0	439.0	2.0853590309427572e-5
429.0	439.0	3.056880467396106e-5
438.0	439.0	7.574450716076042e-5
396.0	440.0	7.505261968636788e-5
407.0	440.0	4.69120731492954e-5
417.0	440.0	3.5548250783001833e-6
418.0	440.0	2.7006756050843017e-5
439.0	440.0	3.103981348319407e-5
397.0	441.0	0.007771069125012381
408.0	441.0	0.00834744425975697
419.0	441.0	0.004216358280223445
420.0	441.0	0.019705185219499384
430.0	441.0	0.004456024214214458
398.0	442.0	0.008581553779399313
408.0	442.0	0.002540599422791114
409.0	442.0	0.008790811308920801
419.0	442.0	0.016435887561354296
420.0	442.0	0.020096427756099315
421.0	442.0	0.011837082561307787
430.0	442.0	0.0036493668957188834
431.0	442.0	0.015244634901505624
441.0	442.0	0.010030367789847281
399.0	443.0	0.005685553469611845
409.0	443.0	0.0070128978320334046
410.0	443.0	0.0045753198546155255
420.0	443.0	0.00885112720981781
421.0	443.0	0.0050077254998923265
422.0	443.0	0.004086374935084056
431.0	443.0	0.002764744127982874
432.0	443.0	0.003467059379576476
442.0	443.0	0.019444852719336252
400.0	444.0	0.0014861375802414922
410.0	444.0	0.0012427075796499765
411.0	444.0	0.0011485479074758304
421.0	444.0	0.0016751132249267775
422.0	444.0	0.0007537626601185066
423.0	444.0	0.0010889600663853832
432.0	444.0	0.0001344471046109269
433.0	444.0	0.0007791912703161846
443.0	444.0	0.003332612274965549
401.0	445.0	0.00042073812325631177
411.0	445.0	0.000258958673782117
412.0	445.0	0.00038492125185565773
422.0	445.0	0.00013582657357520678
423.0	445.0	0.00019937083269166989
424.0	445.0	0.00047175162800715845
433.0	445.0	0.00011039796337752872
434.0	445.0	0.00030701819100729645
444.0	445.0	0.0008895892336937133
402.0	446.0	0.000168852325476835
412.0	446.0	3.280920548761144e-5
413.0	446.0	0.00020067896459863323
423.0	446.0	0.0001965977395077036
424.0	446.0	8.466415563862867e-5
425.0	446.0	0.0002812636293108498
434.0	446.0	0.00013167030640830389
435.0	446.0	0.00014693155900557365
445.0	446.0	0.00044309167821740845
403.0	447.0	8.295967365476411e-5
413.0	447.0	3.0099420623824123e-5
414.0	447.0	0.00016255879096634996
424.0	447.0	0.00020781064119350482
425.0	447.0	3.763013595964999e-5
426.0	447.0	0.00024177970110754652
435.0	447.0	9.219675171686398e-5
436.0	447.0	0.00013955365116822394
446.0	447.0	0.0003485892232356267
404.0	448.0	5.222203646837574e-5
414.0	448.0	4.1190694436697806e-5
415.0	448.0	0.00010945362061673195
425.0	448.0	0.00014165410283929669
426.0	448.0	2.149327860073897e-5
427.0	448.0	0.00016517420952282083
436.0	448.0	7.899419979747195e-5
437.0	448.0	8.430236634849339e-5
447.0	448.0	0.00023641214554407964
405.0	449.0	4.612532102558908e-5
415.0	449.0	3.097222601357308e-5
416.0	449.0	8.515879084332323e-5
426.0	449.0	0.00011844405399959235
427.0	449.0	1.6880285281406504e-5
428.0	449.0	0.0001155518723150728
437.0	449.0	5.272858811595309e-5
438.0	449.0	6.066095546373995e-5
448.0	449.0	0.0001455184085767703
406.0	450.0	5.413832691229803e-5
416.0	450.0	9.746243142400024e-6
417.0	450.0	6.8985417043671e-5
427.0	450.0	7.802474870431675e-5
428.0	450.0	2.064683832934955e-5
429.0	450.0	7.206923331273818e-5
438.0	450.0	3.42440785219833e-5
439.0	450.0	4.150042863877712e-5
449.0	450.0	9.490503398572325e-5
407.0	451.0	7.571617206788096e-5
417.0	451.0	1.7527511908588256e-5
418.0	451.0	4.8089093037731456e-5
428.0	451.0	3.08110668057332e-5
429.0	451.0	2.061132817765543e-5
439.0	451.0	9.957476496305628e-6
440.0	451.0	2.108233698688844e-5
450.0	451.0	5.145790513508275e-5
408.0	452.0	0.0060548825500255895
419.0	452.0	0.00649144562457598
420.0	452.0	0.016386800549012013
430.0	452.0	0.0021147629378117684
431.0	452.0	0.014380599894878313
441.0	452.0	0.0022713037249783553
442.0	452.0	0.006591860130159762
409.0	453.0	0.006137102794044294
420.0	453.0	0.007562093096158022
421.0	453.0	0.004131930461903216
430.0	453.0	0.014673628641274314
431.0	453.0	0.0018889490899937633
432.0	453.0	0.0025912643415873654
442.0	453.0	0.018114339025103968
443.0	453.0	0.0008757950379891105
452.0	453.0	0.01627124406481992
410.0	454.0	0.0018893988082730045
421.0	454.0	0.0023218044535498056
422.0	454.0	0.0014004538887415346
431.0	454.0	7.88230816403529e-5
432.0	454.0	0.000781138333233955
433.0	454.0	0.0014258824989392127
443.0	454.0	0.002685921046342521
444.0	454.0	0.0006466912286230281
453.0	454.0	0.0018101260083534104
411.0	455.0	0.0005866276092028749
422.0	455.0	0.00019184236184555115
423.0	455.0	0.0005270397681124278
432.0	455.0	0.0004274731936620285
433.0	455.0	0.0002172709720432292
434.0	455.0	0.000681786229668922
444.0	455.0	0.0005619202982729554
445.0	455.0	0.0003276689354207579
454.0	455.0	0.0012086115268959835
412.0	456.0	0.00020712607210328178
423.0	456.0	9.3714096942463e-6
424.0	456.0	0.00028288334324207506
433.0	456.0	0.000370805054471749
434.0	456.0	8.344620203181259e-5
435.0	456.0	0.00031578881445737123
445.0	456.0	0.00024199434536908022
446.0	456.0	0.0002267392356760635
455.0	456.0	0.0006243136077102514
413.0	457.0	8.198379667268577e-5
424.0	457.0	5.1692971343080336e-5
425.0	457.0	0.00015067023648979158
434.0	457.0	0.000266375269990604
435.0	457.0	2.827838961448525e-5
436.0	457.0	0.00025016345689264603
446.0	457.0	0.0001511214316104987
447.0	457.0	0.00016486777855868624
456.0	457.0	0.0003632750602162404
414.0	458.0	4.680351453402793e-5
425.0	458.0	5.464499158828402e-5
426.0	458.0	0.00011041605955233273
435.0	458.0	0.00015637744739878173
436.0	458.0	1.7349758936208057e-5
437.0	458.0	0.00016448404113632872
447.0	458.0	0.0001172221758104533
448.0	458.0	9.586081198628268e-5
457.0	458.0	0.00023056931572760353
415.0	459.0	3.2632069582302914e-5
426.0	459.0	4.891088817252812e-5
427.0	459.0	8.04845808772825e-5
436.0	459.0	0.00013769094211717046
437.0	459.0	1.0948484666946207e-5
438.0	459.0	0.00012426525105961594
448.0	459.0	7.145607179130278e-5
449.0	459.0	6.360429559587599e-5
458.0	459.0	0.00015153558092833523
416.0	460.0	3.579437476974867e-5
427.0	460.0	3.248413079216805e-5
428.0	460.0	6.618745624149824e-5
437.0	460.0	0.0001021494878484885
438.0	460.0	1.1296539390165394e-5
439.0	460.0	8.704104655092582e-5
449.0	460.0	4.936441607357456e-5
450.0	460.0	4.5540617912148695e-5
459.0	460.0	0.00011296871166945055
417.0	461.0	4.110487897089621e-5
428.0	461.0	7.233699743425248e-6
429.0	461.0	4.418869523996338e-5
438.0	461.0	6.21246165947581e-5
439.0	461.0	1.3619890566002324e-5
440.0	461.0	4.465970404919639e-5
450.0	461.0	2.7880538072774796e-5
451.0	461.0	2.3577367062307952e-5
460.0	461.0	7.342115598492349e-5
418.0	462.0	4.180798952051201e-5
429.0	462.0	1.4330224660435986e-5
439.0	462.0	1.6238580013525072e-5
440.0	462.0	1.4801233469668995e-5
451.0	462.0	6.281103517219444e-6
461.0	462.0	2.9858470579527396e-5
419.0	463.0	0.13221900836688627
430.0	463.0	0.14533759685280548
441.0	463.0	0.13643536664710973
442.0	463.0	0.21730389164810823
452.0	463.0	0.13882910292223227
420.0	464.0	0.11121024266246313
430.0	464.0	0.08641984362380223
431.0	464.0	0.07077861777673923
441.0	464.0	0.08807033059402443
442.0	464.0	0.12594538224769658
443.0	464.0	0.06790506871473183
452.0	464.0	0.08579170214507932
453.0	464.0	0.06881533016874944
463.0	464.0	0.22987503356285763
421.0	465.0	0.0076214827784028966
431.0	465.0	0.005378501406493444
432.0	465.0	0.006080816658087046
442.0	465.0	0.023415690303027686
443.0	465.0	0.00261375727851057
444.0	465.0	0.005946369553476119
453.0	465.0	0.0034895523164996806
454.0	465.0	0.005299678324853091
464.0	465.0	0.06518844850385583
422.0	466.0	0.0013575323290893754
432.0	466.0	0.0007382167735817957
433.0	466.0	0.0013829609392870534
443.0	466.0	0.00272884260599468
444.0	466.0	0.0006037696689708688
445.0	466.0	0.0014933589026645822
454.0	466.0	4.292155965215927e-5
455.0	466.0	0.0011656899672438242
465.0	466.0	0.00534259988450525
423.0	467.0	0.00031989426604164817
433.0	467.0	1.0125469972449563e-5
434.0	467.0	0.0004448656518028586
444.0	467.0	0.0007690658003437351
445.0	467.0	0.00012052343334997828
446.0	467.0	0.0005921019190443458
455.0	467.0	0.00020714550207077964
456.0	467.0	0.000382619302916612
466.0	467.0	0.0013728354693146039
424.0	468.0	0.00011219620406479751
434.0	468.0	7.088952506331953e-5
435.0	468.0	0.00016292356658743695
445.0	468.0	0.00034952031789516584
446.0	468.0	4.435137613200566e-5
447.0	468.0	0.0003333560438023579
456.0	468.0	0.00014984499243504582
457.0	468.0	0.00017015029068627723
467.0	468.0	0.00047891672860126734
425.0	469.0	4.159855736365099e-5
435.0	469.0	5.475969410205254e-5
436.0	469.0	0.000112930436788693
446.0	469.0	0.0002196417606215228
447.0	469.0	1.889775106872246e-5
448.0	469.0	0.0001805929613316731
457.0	469.0	9.608204989073627e-5
458.0	469.0	9.747013229691375e-5
468.0	469.0	0.00022619408272187694
426.0	470.0	2.7820987774552827e-5
436.0	470.0	5.564063935104783e-5
437.0	470.0	8.121799118708345e-5
447.0	470.0	0.00017770133598851118
448.0	470.0	1.0273876370520534e-5
449.0	470.0	0.00013379349036808652
458.0	470.0	6.983429574857419e-5
459.0	470.0	7.018919477221053e-5
469.0	470.0	0.0001451877484865805
427.0	471.0	2.5605296547298595e-5
437.0	471.0	4.3993593534142953e-5
438.0	471.0	6.938596672963204e-5
448.0	471.0	0.00013535880038085158
449.0	471.0	8.725011265892091e-6
450.0	471.0	0.00010363004525161534
459.0	471.0	5.48792843299839e-5
460.0	471.0	5.808942733946665e-5
470.0	471.0	0.00012506847910219443
428.0	472.0	3.04124733676997e-5
438.0	472.0	2.447844348363315e-5
439.0	472.0	5.126606367712727e-5
449.0	472.0	8.51393989473731e-5
450.0	472.0	9.765635038350151e-6
451.0	472.0	6.12235401734329e-5
460.0	472.0	3.5774982873798544e-5
461.0	472.0	3.764617311112495e-5
471.0	472.0	9.386441021326519e-5
429.0	473.0	3.28915182008227e-5
439.0	473.0	2.3227135268616417e-6
440.0	473.0	3.336252701005571e-5
450.0	473.0	3.917771511191548e-5
451.0	473.0	1.228019002316727e-5
461.0	473.0	1.1297177039140682e-5
462.0	473.0	1.8561293540386714e-5
472.0	473.0	4.894335015026563e-5
