1.0	2.0	0.016830634057707572
2.0	3.0	0.029129308185017133
3.0	4.0	0.016702259011613374
4.0	5.0	0.011773085254722981
5.0	6.0	0.009170892318350832
6.0	7.0	0.007359712293690146
7.0	8.0	0.0061411635896092
8.0	9.0	0.0051423919166498355
9.0	10.0	0.003672018171213931
10.0	11.0	0.0018981366860243987
1.0	12.0	0.012573991351168379
2.0	12.0	0.004256642706539193
2.0	13.0	0.020857322541233625
3.0	13.0	0.008271985643783508
12.0	13.0	0.025113965247772818
3.0	14.0	0.010331929727127265
4.0	14.0	0.006370329284486109
13.0	14.0	0.018603915370910773
4.0	15.0	0.006800447005955834
5.0	15.0	0.004972638248767147
14.0	15.0	0.013170776290441943
5.0	16.0	0.005138461944796335
6.0	16.0	0.004032430373554496
15.0	16.0	0.010111100193563483
6.0	17.0	0.0041014001778093
7.0	17.0	0.003258312115880846
16.0	17.0	0.008133830551363797
7.0	18.0	0.003301327775857288
8.0	18.0	0.002839835813751912
17.0	18.0	0.006559639891738134
8.0	19.0	0.002886652234461329
9.0	19.0	0.0022557396821885067
18.0	19.0	0.005726488048213241
9.0	20.0	0.0022788844917157602
10.0	20.0	0.0013931336794981708
19.0	20.0	0.004534624173904267
10.0	21.0	0.0014712568340743415
11.0	21.0	0.0004268798519500572
20.0	21.0	0.0028643905135725123
11.0	22.0	0.0007273661683208643
21.0	22.0	0.0011542460202709215
1.0	23.0	0.09111444319741013
2.0	23.0	0.1079450772551177
12.0	23.0	0.10368843454857851
1.0	24.0	0.023533961345709398
2.0	24.0	0.006703327288001826
3.0	24.0	0.022425980897015307
12.0	24.0	0.010959969994541019
13.0	24.0	0.0141539952532318
23.0	24.0	0.11464840454311953
2.0	25.0	0.031150149884498157
3.0	25.0	0.002020841699481024
4.0	25.0	0.01468141731213235
13.0	25.0	0.010292827343264532
14.0	25.0	0.00831108802764624
24.0	25.0	0.02444682259649633
3.0	26.0	0.017727520173506317
4.0	26.0	0.001025261161892943
5.0	26.0	0.010747824092830038
14.0	26.0	0.007395590446379052
15.0	26.0	0.005775185844062891
25.0	26.0	0.015706678474025293
4.0	27.0	0.012319410156211241
5.0	27.0	0.0005463249014882599
6.0	27.0	0.008624567416862572
15.0	27.0	0.005518963150255407
16.0	27.0	0.0045921370433080755
26.0	27.0	0.011294148994318298
5.0	28.0	0.009580111375726008
6.0	28.0	0.0004092190573751764
7.0	28.0	0.00695049323631497
16.0	28.0	0.004441649430929673
17.0	28.0	0.0036921811204341237
27.0	28.0	0.009033786474237748
6.0	29.0	0.007652220531051024
7.0	29.0	0.00029250823736087783
8.0	29.0	0.005848655352248322
17.0	29.0	0.0035508203532417237
18.0	29.0	0.00300881953849641
28.0	29.0	0.0072430014736758475
7.0	30.0	0.006309896667792858
8.0	30.0	0.00016873307818365824
9.0	30.0	0.004973658838466177
18.0	30.0	0.00300856889193557
19.0	30.0	0.0027179191562776706
29.0	30.0	0.00601738843043198
8.0	31.0	0.005482114228625823
9.0	31.0	0.00033972231197598735
10.0	31.0	0.0033322958592379437
19.0	31.0	0.002595461994164494
20.0	31.0	0.001939162179739773
30.0	31.0	0.005313381150442165
9.0	32.0	0.0040823463710826235
10.0	32.0	0.0004103281998686925
11.0	32.0	0.0014878084861557062
20.0	32.0	0.0018034618793668633
21.0	32.0	0.001060928634205649
31.0	32.0	0.003742624059106636
10.0	33.0	0.0023421732079431656
11.0	33.0	0.00044403652191876697
21.0	33.0	0.0008709163738688241
22.0	33.0	0.00028332964640209735
32.0	33.0	0.0019318450080744731
1.0	34.0	0.020422541809767103
2.0	34.0	0.003591907752059531
12.0	34.0	0.007848550458598724
13.0	34.0	0.017265414789174094
23.0	34.0	0.11153698500717724
24.0	34.0	0.0031114195359422947
2.0	35.0	0.024197145443735912
3.0	35.0	0.004932162741281221
12.0	35.0	0.028453788150275106
13.0	35.0	0.0033398229025022874
14.0	35.0	0.015264092468408486
24.0	35.0	0.017493818155734087
25.0	35.0	0.006953004440762245
34.0	35.0	0.02060523769167638
3.0	36.0	0.011986571771705479
4.0	36.0	0.004715687239907895
13.0	36.0	0.020258557415488987
14.0	36.0	0.001654642044578214
15.0	36.0	0.01151613424586373
25.0	36.0	0.009965730072224455
26.0	36.0	0.005740948401800838
35.0	36.0	0.0169187345129867
4.0	37.0	0.007655615821952788
5.0	37.0	0.004117469432770193
14.0	37.0	0.014025945106438897
15.0	37.0	0.0008551688159969539
16.0	37.0	0.009255931377566529
26.0	37.0	0.006630354660059845
27.0	37.0	0.004663794334258453
36.0	37.0	0.012371303061860683
5.0	38.0	0.005624757982441386
6.0	38.0	0.0035461343359094455
15.0	38.0	0.010597396231208533
16.0	38.0	0.0004862960376450509
17.0	38.0	0.007647534513718746
27.0	38.0	0.005078433080953126
28.0	38.0	0.003955353393284622
37.0	38.0	0.00974222741521158
6.0	39.0	0.004744775817450512
7.0	39.0	0.002975355356074102
16.0	39.0	0.008974681850412652
17.0	39.0	0.00044252239988803993
18.0	39.0	0.006438355329356964
28.0	39.0	0.004315516537254055
29.0	39.0	0.0032821882690533934
38.0	39.0	0.008464570986024138
7.0	40.0	0.003641384352154904
8.0	40.0	0.0026847009333961624
17.0	40.0	0.006997810220191139
18.0	40.0	0.00024064754374807456
19.0	40.0	0.005658275559518602
29.0	40.0	0.0033400681554325035
30.0	40.0	0.0028585148739479894
39.0	40.0	0.006894825854204347
8.0	41.0	0.0032210425632915873
9.0	41.0	0.0019213493533582482
18.0	41.0	0.006060878377043499
19.0	41.0	0.00033439032883025854
20.0	41.0	0.004200233845074008
30.0	41.0	0.003052309485107929
31.0	41.0	0.0022610716653342355
40.0	41.0	0.00600273499427831
9.0	42.0	0.002893997230748396
10.0	42.0	0.0009470442483323886
19.0	42.0	0.005253568801830846
20.0	42.0	0.0005102154925931028
21.0	42.0	0.002486023159265285
31.0	42.0	0.002538637471938268
32.0	42.0	0.0013762598900434317
41.0	42.0	0.004903786457802882
10.0	43.0	0.0019781548963020423
11.0	43.0	8.001821027764366e-5
20.0	43.0	0.003371288575800213
21.0	43.0	0.0005068980622277008
22.0	43.0	0.0006473479580432207
32.0	43.0	0.0015678266964333498
33.0	43.0	0.0003640183116411233
42.0	43.0	0.0030162537822903904
11.0	44.0	0.001279737902704109
21.0	44.0	0.001706617754654166
22.0	44.0	0.0005523717343832446
33.0	44.0	0.000835701380785342
43.0	44.0	0.0011997196924264653
1.0	45.0	0.017753314633057515
12.0	45.0	0.005179323281889137
23.0	45.0	0.10886775783046765
24.0	45.0	0.005780646712651882
34.0	45.0	0.0026692271767095876
2.0	46.0	0.013403192924818064
12.0	46.0	0.017659835631357257
13.0	46.0	0.007454129616415561
23.0	46.0	0.12134827017993577
24.0	46.0	0.006699865636816238
25.0	46.0	0.017746956959680094
34.0	46.0	0.009811285172758533
35.0	46.0	0.010793952518917849
45.0	46.0	0.01248051234946812
3.0	47.0	0.005990315083663766
13.0	47.0	0.014262300727447275
14.0	47.0	0.004341614643463498
24.0	47.0	0.028416295980679074
25.0	47.0	0.003969473384182742
26.0	47.0	0.01173720508984255
35.0	47.0	0.010922477824944987
36.0	47.0	0.005996256688041712
46.0	47.0	0.021716430343862836
4.0	48.0	0.0028958734474037184
14.0	48.0	0.009266202731889828
15.0	48.0	0.0039045735585521157
25.0	48.0	0.01757729075953607
26.0	48.0	0.0018706122855107754
27.0	48.0	0.009423536708807523
36.0	48.0	0.007611560687311614
37.0	48.0	0.00475974237454907
47.0	48.0	0.013607817375353326
5.0	49.0	0.0015504685062875945
15.0	49.0	0.006523106755054742
16.0	49.0	0.003587993438508741
26.0	49.0	0.012298292599117633
27.0	49.0	0.0010041436047993346
28.0	49.0	0.008029642869438414
37.0	49.0	0.005667937939057788
38.0	49.0	0.004074289476153792
48.0	49.0	0.010427680313606857
6.0	50.0	0.001106696567300891
16.0	50.0	0.0051391269408553875
17.0	50.0	0.002994703610508409
27.0	50.0	0.009731263984163463
28.0	50.0	0.0006974775099257147
29.0	50.0	0.006545523963750133
38.0	50.0	0.0046528309032103365
39.0	50.0	0.0035838822488014556
49.0	50.0	0.008727120379364128
7.0	51.0	0.0008575923791844905
17.0	51.0	0.004660912578887106
18.0	51.0	0.0029959385807748094
28.0	51.0	0.008970673748747136
29.0	51.0	0.0005161571672808321
30.0	51.0	0.006507741757372001
39.0	51.0	0.004408738033522084
40.0	51.0	0.003384096453198237
50.0	51.0	0.008156531270066386
8.0	52.0	0.000613421667793379
18.0	52.0	0.003453257481545291
19.0	52.0	0.0022732305666679498
29.0	52.0	0.006462077020041701
30.0	52.0	0.0004446885896097208
31.0	52.0	0.004868692560832444
40.0	52.0	0.003316593852358908
41.0	52.0	0.0026076208954982083
51.0	52.0	0.007026812072090055
9.0	53.0	0.0010261712139261693
19.0	53.0	0.0032935168883425057
20.0	53.0	0.0012644383522331605
30.0	53.0	0.006025419993589422
31.0	53.0	0.0006847009987929398
32.0	53.0	0.0030771792121137734
41.0	53.0	0.00295740608990837
42.0	53.0	0.0018359159543155379
52.0	53.0	0.00557844343947938
10.0	54.0	0.0012444421340694184
20.0	54.0	0.0026734749161876265
21.0	54.0	0.000264726926838669
31.0	54.0	0.004662606587808788
32.0	54.0	0.0008235403515131784
33.0	54.0	0.0011580855951829592
42.0	54.0	0.0022758716439074266
43.0	54.0	0.0007846870417764623
53.0	54.0	0.003984779661479251
11.0	55.0	0.0012816662209088059
21.0	55.0	0.001708546072858863
22.0	55.0	0.0005543000525879416
32.0	55.0	0.002769474707064512
33.0	55.0	0.0008376296989900389
43.0	55.0	0.0012016480106311622
44.0	55.0	1.928318204696966e-6
54.0	55.0	0.0020172998376839025
12.0	56.0	0.01679035042877325
23.0	56.0	0.12047878497735176
24.0	56.0	0.00583038043423223
34.0	56.0	0.008941799970174524
35.0	56.0	0.011663437721501857
45.0	56.0	0.011611027146884112
46.0	56.0	0.0008694852025840083
13.0	57.0	0.00981541804443059
24.0	57.0	0.02396941329766239
25.0	57.0	0.0004774092988339418
34.0	57.0	0.027080832833604684
35.0	57.0	0.006475595141928303
36.0	57.0	0.010443139371058396
46.0	57.0	0.017269547660846152
47.0	57.0	0.004446882683016684
56.0	57.0	0.01813903286343016
14.0	58.0	0.004969154333341941
25.0	58.0	0.013280242360988181
26.0	58.0	0.0024264361130371115
35.0	58.0	0.020233246801750426
36.0	58.0	0.003314512288763727
37.0	58.0	0.009056790773096957
47.0	58.0	0.00931076897680544
48.0	58.0	0.004297048398547887
57.0	58.0	0.013757651659822123
15.0	59.0	0.002588743550029804
26.0	59.0	0.008363929394092695
27.0	59.0	0.002930219600225603
36.0	59.0	0.014104877795893533
37.0	59.0	0.00173357473403285
38.0	59.0	0.00800865268117873
48.0	59.0	0.00649331710858192
49.0	59.0	0.003934363205024938
58.0	59.0	0.010790365507129807
16.0	60.0	0.0014776088129820897
27.0	60.0	0.006069745856290165
28.0	60.0	0.002964040617947583
37.0	60.0	0.010733540190548618
38.0	60.0	0.0009913127753370388
39.0	60.0	0.007424711769495519
49.0	60.0	0.0050656022514908305
50.0	60.0	0.0036615181278732978
59.0	60.0	0.008999965456515768
17.0	61.0	0.0010996324140074448
28.0	61.0	0.004891555199797322
29.0	61.0	0.0025471108433007487
38.0	61.0	0.008953759671522633
39.0	61.0	0.0006999326097641772
40.0	61.0	0.006059035480731314
50.0	61.0	0.0041752358275363175
51.0	61.0	0.0035191608941223546
60.0	61.0	0.007935667281677158
18.0	62.0	0.0009744049599857312
29.0	62.0	0.004387907617260863
30.0	62.0	0.0024388133390251324
39.0	62.0	0.008381637911585714
40.0	62.0	0.0007337031959080872
41.0	62.0	0.005901655295790908
51.0	62.0	0.004640682516220316
52.0	62.0	0.0029433120844205678
61.0	62.0	0.007423109548352887
19.0	63.0	0.0009952636958781014
30.0	63.0	0.003713182852155772
31.0	63.0	0.0016001982982863927
40.0	63.0	0.006683508470166125
41.0	63.0	0.0006608733670478428
42.0	63.0	0.004212493033617194
52.0	63.0	0.003268494262546051
53.0	63.0	0.0022931324674045892
62.0	63.0	0.006651415447796403
20.0	64.0	0.0016013779856485556
31.0	64.0	0.0036455314161220895
32.0	64.0	0.00029972797957336265
41.0	64.0	0.006029023343475856
42.0	64.0	0.001140090993291774
43.0	64.0	0.0019524408642338403
53.0	64.0	0.0029433354582477176
54.0	64.0	0.0011772229396941128
63.0	64.0	0.005332368584800266
21.0	65.0	0.0017732219321256988
32.0	65.0	0.0029201465453658373
33.0	65.0	0.000831711454362136
42.0	65.0	0.004559388309161388
43.0	65.0	0.0012252360966712957
44.0	65.0	7.17295991062034e-5
54.0	65.0	0.0021095065396329335
55.0	65.0	7.381422152077505e-5
64.0	65.0	0.003417271142851497
22.0	66.0	0.0017056180060658344
33.0	66.0	0.0019889476524679317
43.0	66.0	0.002352965964109055
44.0	66.0	0.0011532462716825898
55.0	66.0	0.0011513179534778928
65.0	66.0	0.0013184548655144602
23.0	67.0	0.1203718424608411
34.0	67.0	0.008834857453663858
45.0	67.0	0.011504084630373446
46.0	67.0	0.0009764277190946746
56.0	67.0	0.00010694251651066633
24.0	68.0	0.021301157168097773
34.0	68.0	0.024412576704040068
35.0	68.0	0.0038073390123636863
45.0	68.0	0.027081803880749655
46.0	68.0	0.014601291531281535
47.0	68.0	0.007115138812581301
56.0	68.0	0.015470776733865543
57.0	68.0	0.0026682561295646168
67.0	68.0	0.01557771925037621
25.0	69.0	0.009596091832280829
35.0	69.0	0.016549096273043074
36.0	69.0	0.000369638239943626
46.0	69.0	0.027343048791960922
47.0	69.0	0.005626618448098086
48.0	69.0	0.00798119892725524
57.0	69.0	0.01007350113111477
58.0	69.0	0.003684150528707353
68.0	69.0	0.012741757260679387
26.0	70.0	0.004779291990492485
36.0	70.0	0.010520240392293323
37.0	70.0	0.0018510626695673604
47.0	70.0	0.016516497080335035
48.0	70.0	0.0029086797049817092
49.0	70.0	0.007519000608625148
58.0	70.0	0.007205728103529596
59.0	70.0	0.0035846374036002104
69.0	70.0	0.010889878632236949
27.0	71.0	0.002562320384950134
37.0	71.0	0.007226114719208587
38.0	71.0	0.0025161126960029923
48.0	71.0	0.011985857093757657
49.0	71.0	0.0015581767801507995
50.0	71.0	0.007168943599213329
59.0	71.0	0.005492539985175737
60.0	71.0	0.003507425471340031
70.0	71.0	0.009077177388775948
28.0	72.0	0.0016529043927899223
38.0	72.0	0.005608257786074544
39.0	72.0	0.0025816663240366714
49.0	72.0	0.009682547262228336
50.0	72.0	0.0009554268828642076
51.0	72.0	0.007041293001385672
60.0	72.0	0.004616945010737505
61.0	72.0	0.0031939987622043205
71.0	72.0	0.008124370482077536
29.0	73.0	0.0015323003902408797
39.0	73.0	0.005781469187545954
40.0	73.0	0.0026169309626387647
50.0	73.0	0.009715327997109988
51.0	73.0	0.0011932507899001838
52.0	73.0	0.006546404224632989
61.0	73.0	0.0047903942988534905
62.0	73.0	0.0038777207124472248
72.0	73.0	0.008520880523978536
30.0	74.0	0.001069096973040251
40.0	74.0	0.003959804317111561
41.0	74.0	0.001983212512067678
51.0	74.0	0.007755663370892958
52.0	74.0	0.0006244083834305303
53.0	74.0	0.0049508224163536275
62.0	74.0	0.0036517027501931365
63.0	74.0	0.002644085879115521
73.0	74.0	0.007327021799004395
31.0	75.0	0.0019150836369152269
41.0	75.0	0.004176155302249462
42.0	75.0	0.0005354023727861082
52.0	75.0	0.006783776197747671
53.0	75.0	0.0012402359230474862
54.0	75.0	0.002698173929317729
63.0	75.0	0.0035152819352016196
64.0	75.0	0.0016267602029947112
74.0	75.0	0.00615936781431714
32.0	76.0	0.0022303571623426832
42.0	76.0	0.003724447670236994
43.0	76.0	0.0006471661061914607
53.0	76.0	0.005349437179341964
54.0	76.0	0.0014565873005972154
55.0	76.0	0.0005662577928919161
64.0	76.0	0.0026551885147825124
65.0	76.0	0.0005380469131622579
75.0	76.0	0.004075807082126765
33.0	77.0	0.00233375518562165
43.0	77.0	0.002697773497262773
44.0	77.0	0.001498053804836308
54.0	77.0	0.003551978381475389
55.0	77.0	0.001496125486631611
65.0	77.0	0.001691211556072364
66.0	77.0	0.00034480753315371815
76.0	77.0	0.002077044983021738
34.0	78.0	0.026005788053277024
45.0	78.0	0.02867501522998661
46.0	78.0	0.01619450288051849
56.0	78.0	0.0170639880831025
57.0	78.0	0.0010750447803276608
67.0	78.0	0.017170930599613166
68.0	78.0	0.001593211349236956
35.0	79.0	0.014491453366873797
46.0	79.0	0.025285405885791645
47.0	79.0	0.0035689755419288094
56.0	79.0	0.026154891088375654
57.0	79.0	0.008015858224945493
58.0	79.0	0.00574179343487663
68.0	79.0	0.01068411435451011
69.0	79.0	0.002057642906169277
78.0	79.0	0.009090903005273154
36.0	80.0	0.0076980060023322805
47.0	80.0	0.013694262690373993
48.0	80.0	8.644531502066677e-5
57.0	80.0	0.018141145373390677
58.0	80.0	0.004383493713568554
59.0	80.0	0.006406871793561253
69.0	80.0	0.008067644242275906
70.0	80.0	0.0028222343899610425
79.0	80.0	0.010125287148445183
37.0	81.0	0.004065393140866735
48.0	81.0	0.008825135515415805
49.0	81.0	0.0016025447981910523
58.0	81.0	0.013122183913963692
59.0	81.0	0.0023318184068338854
60.0	81.0	0.006668147049681883
70.0	81.0	0.005916455810434096
71.0	81.0	0.003160721578341852
80.0	81.0	0.008738690200395138
38.0	82.0	0.0023084112357136255
49.0	82.0	0.006382700711867417
50.0	82.0	0.002344419667496711
59.0	82.0	0.010317063916892355
60.0	82.0	0.0013170984603765867
61.0	82.0	0.006582988336597802
71.0	82.0	0.004824523931716618
72.0	82.0	0.0032998465503609187
81.0	82.0	0.00798524551005847
39.0	83.0	0.00166982538225646
50.0	83.0	0.005008435189851557
51.0	83.0	0.002310350164940964
60.0	83.0	0.008669953317724854
61.0	83.0	0.0009684987017483533
62.0	83.0	0.006131733242905584
72.0	83.0	0.004053008306987349
73.0	83.0	0.0034539249906058427
82.0	83.0	0.007352854857348268
40.0	84.0	0.0012769628256131405
51.0	84.0	0.004732962122686568
52.0	84.0	0.0019940772704573257
61.0	84.0	0.0071763155329847145
62.0	84.0	0.0006941498970996346
63.0	84.0	0.00527668925560447
73.0	84.0	0.004086157136005356
74.0	84.0	0.0026211826830514324
83.0	84.0	0.0060396396025572145
41.0	85.0	0.0020539450276571003
52.0	85.0	0.004661565923155309
53.0	85.0	0.0008928933224470692
62.0	85.0	0.008231853807233777
63.0	85.0	0.0013930716606092575
64.0	85.0	0.0038638724251278357
74.0	85.0	0.004037157539724778
75.0	85.0	0.002122210274592362
84.0	85.0	0.006675778059793661
42.0	86.0	0.0031586371191033077
53.0	86.0	0.004899484195784814
54.0	86.0	0.0007709110132436292
63.0	86.0	0.007306559030711063
64.0	86.0	0.0020208054733975556
65.0	86.0	0.001385781382879962
75.0	86.0	0.0035563974164873357
76.0	86.0	0.0007573858168091348
85.0	86.0	0.005820406863180835
43.0	87.0	0.0029216924923646526
54.0	87.0	0.0037816674552868966
55.0	87.0	0.0017200444817334903
64.0	87.0	0.005032321337076726
65.0	87.0	0.0019332808136776423
66.0	87.0	0.0005687265282555976
76.0	87.0	0.002303158335444
77.0	87.0	0.0002239189951018794
86.0	87.0	0.00318274752397014
44.0	88.0	0.0029926496693359894
55.0	88.0	0.0029907213511312924
65.0	88.0	0.0033069552814974723
66.0	88.0	0.0018394033976533997
77.0	88.0	0.0014945958644996815
87.0	88.0	0.0012706768693978021
45.0	89.0	0.03199807861859083
56.0	89.0	0.02038705147170672
67.0	89.0	0.020493993988217385
68.0	89.0	0.004916274737841175
78.0	89.0	0.0033230633886042193
46.0	90.0	0.0248436086275568
56.0	90.0	0.02571309383014081
57.0	90.0	0.0075740609667106495
67.0	90.0	0.025820036346651476
68.0	90.0	0.010242317096275266
69.0	90.0	0.002499440164404121
78.0	90.0	0.00864910574703831
79.0	90.0	0.00044179725823484395
89.0	90.0	0.005326042358434091
47.0	91.0	0.01243929830613466
57.0	91.0	0.016886180989151345
58.0	91.0	0.0031285293293292216
68.0	91.0	0.01955443711871596
69.0	91.0	0.006812679858036574
70.0	91.0	0.004077198774200375
79.0	91.0	0.008870322764205851
80.0	91.0	0.001254964384239332
90.0	91.0	0.009312120022440695
48.0	92.0	0.006292636919534467
58.0	92.0	0.010589685318082354
59.0	92.0	0.000200680189047453
69.0	92.0	0.014273835846789706
70.0	92.0	0.0033839572145527574
71.0	92.0	0.00569322017422319
80.0	92.0	0.0062061916045138
81.0	92.0	0.0025324985958813384
91.0	92.0	0.007461155988753132
49.0	93.0	0.0034194651605623516
59.0	93.0	0.007353828365587289
60.0	93.0	0.001646137090928479
70.0	93.0	0.0109384657691875
71.0	93.0	0.001861288380411552
72.0	93.0	0.006263082101665984
81.0	93.0	0.005022009958753404
82.0	93.0	0.0029632355513050657
92.0	93.0	0.007554508554634742
50.0	94.0	0.002094330688914403
60.0	94.0	0.005755848816787701
61.0	94.0	0.0020243282741875326
71.0	94.0	0.009263274288127732
72.0	94.0	0.0011389038060501955
73.0	94.0	0.007097055427914337
82.0	94.0	0.004438750356411114
83.0	94.0	0.0029141045009371536
93.0	94.0	0.00740198590771618
51.0	95.0	0.0022042615750019713
61.0	95.0	0.004940658283445101
62.0	95.0	0.0017438576619530092
72.0	95.0	0.007920685325583932
73.0	95.0	0.0013813346452776342
74.0	95.0	0.004755897158774225
83.0	95.0	0.0038676770185965825
84.0	95.0	0.0021552567901384225
94.0	95.0	0.006781781519533736
52.0	96.0	0.0021344120335923256
62.0	96.0	0.005364800330946761
63.0	96.0	0.0011340822289537256
73.0	96.0	0.009214785349207293
74.0	96.0	0.0015100036501617953
75.0	96.0	0.004649364164155345
84.0	96.0	0.004137708545261725
85.0	96.0	0.002527153889562983
95.0	96.0	0.00626590080893602
53.0	97.0	0.003107700893680529
63.0	97.0	0.005374490448633516
64.0	97.0	0.0003300548550902174
74.0	97.0	0.008020096662866924
75.0	97.0	0.0018571872452811246
76.0	97.0	0.002202775786187576
85.0	97.0	0.00398061777933385
86.0	97.0	0.0015772244790794418
96.0	97.0	0.006509224768751477
54.0	98.0	0.003644662072258738
64.0	98.0	0.0049301916824902835
65.0	98.0	0.001729827015112495
75.0	98.0	0.006258063173095878
76.0	98.0	0.0021244861316025918
77.0	98.0	1.4036932277185918e-5
86.0	98.0	0.003021284561834704
87.0	98.0	0.00024453257341035153
97.0	98.0	0.004350000949813284
55.0	99.0	0.00365435566036848
65.0	99.0	0.004024381976295503
66.0	99.0	0.0025030377068905874
76.0	99.0	0.004256425341800547
77.0	99.0	0.002158230173736869
87.0	99.0	0.0019343111786349898
88.0	99.0	0.0006636343092371877
98.0	99.0	0.0022356557251897117
56.0	100.0	0.02829752847921896
67.0	100.0	0.028404470995729625
68.0	100.0	0.012826751745353415
78.0	100.0	0.01123354039611646
79.0	100.0	0.002142637390843305
89.0	100.0	0.00791047700751224
90.0	100.0	0.002584434649078149
57.0	101.0	0.016677311053750143
68.0	101.0	0.01934556718331476
69.0	101.0	0.006603809922635373
78.0	101.0	0.017752355834077804
79.0	101.0	0.00866145282880465
80.0	101.0	0.0014638343196405335
90.0	101.0	0.009103250087039494
91.0	101.0	0.00020886993540120136
100.0	101.0	0.006518815437961345
58.0	102.0	0.009291259214770753
69.0	102.0	0.012975409743478106
70.0	102.0	0.0020855311112411568
79.0	102.0	0.015033052649647383
80.0	102.0	0.004907765501202199
81.0	102.0	0.003830924699192939
91.0	102.0	0.006162729885441531
92.0	102.0	0.0012984261033116007
101.0	102.0	0.006371599820842733
59.0	103.0	0.004898545858534505
70.0	103.0	0.00849014510587129
71.0	103.0	0.0006046613715500987
80.0	103.0	0.011317860651273931
81.0	103.0	0.0025621987494798193
82.0	103.0	0.005438555171940811
92.0	103.0	0.005099615795263487
93.0	103.0	0.0024695646221407417
102.0	103.0	0.0064005636151720485
60.0	104.0	0.0028137015524940523
71.0	104.0	0.006321127023834083
72.0	104.0	0.0018032434582434531
81.0	104.0	0.009481848602175935
82.0	104.0	0.0014966030921174656
83.0	104.0	0.005856251765230802
93.0	104.0	0.004459838643422531
94.0	104.0	0.0029421472642936486
103.0	104.0	0.006938064866788173
61.0	105.0	0.002132814793756701
72.0	105.0	0.0051866985575485525
73.0	105.0	0.002036617733103176
82.0	105.0	0.008486545107909471
83.0	105.0	0.0011336902505612034
84.0	105.0	0.004901052563693094
94.0	105.0	0.004047794751498357
95.0	105.0	0.002733986768035379
104.0	105.0	0.006989942015792006
62.0	106.0	0.0024170544141133717
73.0	106.0	0.005966489770732716
74.0	106.0	0.0010882762984969485
83.0	106.0	0.007535297878873859
84.0	106.0	0.0015282057543372057
85.0	106.0	0.005125433838221727
95.0	106.0	0.0036676208602772764
96.0	106.0	0.002598279948658744
105.0	106.0	0.0064016076283126555
64.0	108.0	0.004367135620518975
75.0	108.0	0.005693753405064964
76.0	108.0	0.0016499985600485884
85.0	108.0	0.007828376741144236
86.0	108.0	0.002497968489687849
87.0	108.0	0.0006602554424381317
97.0	108.0	0.003828990004864634
98.0	108.0	0.00043375921566039664
65.0	109.0	0.004610654987415811
76.0	109.0	0.004804054385201291
77.0	109.0	0.002700544653502307
86.0	109.0	0.005824853235016656
87.0	109.0	0.0024766256584004276
88.0	109.0	0.0012059487890026255
98.0	109.0	0.0027938983327561685
99.0	109.0	0.0005423144797654378
108.0	109.0	0.0031513671802557777
66.0	110.0	0.0044145755473646575
77.0	110.0	0.004069768014210939
87.0	110.0	0.00384584901910906
88.0	110.0	0.002575172149711258
99.0	110.0	0.0019115378404740702
109.0	110.0	0.0013692233607086324
67.0	111.0	0.032160263128684474
78.0	111.0	0.014989332529071309
89.0	111.0	0.01166626914046709
90.0	111.0	0.006340226782032998
100.0	111.0	0.0037557921329548494
68.0	112.0	0.02056483849270141
78.0	112.0	0.018971627143464453
79.0	112.0	0.0098807241381913
89.0	112.0	0.015648563754860234
90.0	112.0	0.010322521396426143
91.0	112.0	0.0010104013739854478
100.0	112.0	0.007738086747347994
101.0	112.0	0.0012192713093866492
111.0	112.0	0.003982294614393145
69.0	113.0	0.014828950866391482
79.0	113.0	0.017178905540792717
80.0	113.0	0.0056152052540209725
90.0	113.0	0.017683465165309612
91.0	113.0	0.0070484517187540865
92.0	113.0	0.0014726470295458125
101.0	113.0	0.007286994023430133
102.0	113.0	1.0235389795932764e-5
112.0	113.0	0.005894511244097597
70.0	114.0	0.006873315986174534
80.0	114.0	0.009701031531580846
81.0	114.0	0.0009453696297753644
91.0	114.0	0.01095843322396608
92.0	114.0	0.003482786675562327
93.0	114.0	0.004086393741851731
102.0	114.0	0.004783734495472578
103.0	114.0	0.0016199753277671258
113.0	114.0	0.005454568491706533
71.0	115.0	0.0037737236034093304
81.0	115.0	0.0069405837244397904
82.0	115.0	0.0010601701969822097
92.0	115.0	0.009478000770223894
93.0	115.0	0.0019088203528183677
94.0	115.0	0.005507541198354149
103.0	115.0	0.004386904929187968
104.0	115.0	0.0025596798918298296
114.0	115.0	0.006006880256961084
72.0	116.0	0.0023694893192666155
82.0	116.0	0.005669335869627534
83.0	116.0	0.0016835189877207335
93.0	116.0	0.0086325714209326
94.0	116.0	0.00123058551321642
95.0	116.0	0.005551196006317316
104.0	116.0	0.004172732777510069
105.0	116.0	0.002817209238281937
115.0	116.0	0.006740516672697366
73.0	117.0	0.003104376739305355
83.0	117.0	0.005245921582691826
84.0	117.0	0.0007710591256644115
94.0	117.0	0.00816002608362898
95.0	117.0	0.0013782445640952434
96.0	117.0	0.004887656244840777
105.0	117.0	0.0041122313321306225
106.0	117.0	0.002289376296182033
116.0	117.0	0.0069294405704125595
74.0	118.0	0.003548307259388428
84.0	118.0	0.0061848162711917645
85.0	118.0	0.0004888502803363504
95.0	118.0	0.008304204418162653
96.0	118.0	0.0020383036092266327
97.0	118.0	0.004469749145944461
106.0	118.0	0.0046365835578853765
117.0	118.0	0.0069259598540674094
75.0	119.0	0.0042599304210717
85.0	119.0	0.0063821406956640625
86.0	119.0	0.0009881676678636395
96.0	119.0	0.008909294585227046
97.0	119.0	0.002405192612803975
98.0	119.0	0.0018730158342542057
108.0	119.0	0.0014089061419254455
118.0	119.0	0.006870990976000413
76.0	120.0	0.004779680175443428
86.0	120.0	0.005799102768974796
87.0	120.0	0.0024524879925044707
97.0	120.0	0.006917402800780484
98.0	120.0	0.0027690517279667206
99.0	120.0	0.0005181768138694809
108.0	120.0	0.0031270883302676957
109.0	120.0	2.4137665895956895e-5
119.0	120.0	0.004509617182422182
77.0	121.0	0.005057729659301069
87.0	121.0	0.00483381066419919
88.0	121.0	0.0035631337948013875
98.0	121.0	0.0052203153901115235
99.0	121.0	0.0028994994855642
109.0	121.0	0.002357185005798762
110.0	121.0	0.0009879616450901296
120.0	121.0	0.002381322671694719
78.0	122.0	0.021618463371760988
89.0	122.0	0.018295399983156768
90.0	122.0	0.012969357624722677
100.0	122.0	0.010384922975644528
101.0	122.0	0.0038661075376831833
111.0	122.0	0.006629130842689679
112.0	122.0	0.002646836228296534
79.0	123.0	0.018041579923956823
90.0	123.0	0.018542044234277695
91.0	123.0	0.007993351054795213
100.0	123.0	0.015614417862425647
101.0	123.0	0.008229957204378335
102.0	123.0	0.00101226118987837
112.0	123.0	0.006848776666082978
113.0	123.0	0.0011664750147249046
122.0	123.0	0.00385046229713643
80.0	124.0	0.009199232262777524
91.0	124.0	0.010454196647016856
92.0	124.0	0.0029930406582637237
101.0	124.0	0.010663066582418057
102.0	124.0	0.004291466761575324
103.0	124.0	0.0021007622530134717
113.0	124.0	0.004890883432214002
114.0	124.0	0.0004839331333084175
123.0	124.0	0.0038490771572126884
81.0	125.0	0.0049944306820858386
92.0	125.0	0.007531847727869707
93.0	125.0	3.7332689535120273e-5
102.0	125.0	0.008832795547778372
103.0	125.0	0.002436964843224061
104.0	125.0	0.004505832934182906
114.0	125.0	0.004056940170994491
115.0	125.0	0.0019499400859638398
124.0	125.0	0.004532994185619455
82.0	126.0	0.0029256608489837133
93.0	126.0	0.005888896400288779
94.0	126.0	0.001513089507427401
103.0	126.0	0.008369898044338213
104.0	126.0	0.0014290577568662477
105.0	126.0	0.005560884258925758
115.0	126.0	0.003991513069380114
116.0	126.0	0.002743675020643821
125.0	126.0	0.005937666111733058
83.0	127.0	0.0024582162780720784
94.0	127.0	0.005372320779009232
95.0	127.0	0.001409460740524504
104.0	127.0	0.00831446804330288
105.0	127.0	0.001324526027510875
106.0	127.0	0.0050770816008017805
116.0	127.0	0.004141735265792812
117.0	127.0	0.0027877053046197475
126.0	127.0	0.006885410286436633
84.0	128.0	0.0034150977567446047
95.0	128.0	0.005546397795174796
96.0	128.0	0.0007195030137612246
105.0	128.0	0.008280384563210175
106.0	128.0	0.0018787769348975192
117.0	128.0	0.004168153231079552
118.0	128.0	0.0027578066229878573
127.0	128.0	0.0069558585356993
85.0	129.0	0.004304291924804193
96.0	129.0	0.006831445814367176
97.0	129.0	0.0003261490901090959
106.0	129.0	0.00942972576302592
108.0	129.0	0.0034989084985359714
118.0	129.0	0.004793142205140544
119.0	129.0	0.002077848770859869
128.0	129.0	0.007550948828128401
86.0	130.0	0.005653134143951433
97.0	130.0	0.006787095689463318
98.0	130.0	0.0026099907634563957
108.0	130.0	0.0029737898765423553
109.0	130.0	0.0001949713560545447
119.0	130.0	0.004365301966132413
120.0	130.0	0.00017069250606643215
129.0	130.0	0.006455304322745567
87.0	131.0	0.0057585845965134165
98.0	131.0	0.006179814858542416
99.0	131.0	0.0037899296040349003
108.0	131.0	0.0064649169554940236
109.0	131.0	0.003237986297355038
110.0	131.0	0.0018444522917358131
120.0	131.0	0.0032625525289922803
121.0	131.0	0.000838949326925108
130.0	131.0	0.003455717631971018
88.0	132.0	0.0058871133907631434
99.0	132.0	0.005223479081525956
109.0	132.0	0.004681164601760518
110.0	132.0	0.0033119412410518856
121.0	132.0	0.002323979595961756
131.0	132.0	0.0015262926695756283
89.0	133.0	0.022271709960529906
100.0	133.0	0.014361232953017666
111.0	133.0	0.010605440820062817
112.0	133.0	0.006623146205669672
122.0	133.0	0.003976309977373138
90.0	134.0	0.018369607588840098
100.0	134.0	0.01578517293976195
101.0	134.0	0.009266357501800604
111.0	134.0	0.0120293808068071
112.0	134.0	0.008047086192413955
113.0	134.0	0.0032957558117047035
122.0	134.0	0.005400249964117421
123.0	134.0	0.002266896567086558
133.0	134.0	0.0014239399867442826
91.0	135.0	0.020791555272262202
101.0	135.0	0.021162088412733274
102.0	135.0	0.009858935151796297
112.0	135.0	0.018999113514093485
113.0	135.0	0.012630082146894483
114.0	135.0	0.0013938814611016517
123.0	135.0	0.010446016139913092
124.0	135.0	0.002245916775842008
134.0	135.0	0.004723664475488558
92.0	136.0	0.006412336884112968
102.0	136.0	0.007710762987424569
103.0	136.0	0.001325174701962104
113.0	136.0	0.008795929893388397
114.0	136.0	0.0029420038216716074
115.0	136.0	0.0030532102729972014
124.0	136.0	0.0034192962258492443
125.0	136.0	0.001107057230643608
135.0	136.0	0.0038198799427293004
93.0	137.0	0.003578289773585992
103.0	137.0	0.006059622991434706
104.0	137.0	0.000890210471058284
114.0	137.0	0.0076795983192085695
115.0	137.0	0.001672718062250877
116.0	137.0	0.005071047251922151
125.0	137.0	0.00362265814821285
126.0	137.0	0.0023220436486073117
136.0	137.0	0.004722679693763821
94.0	138.0	0.002427874984156364
104.0	138.0	0.005370022248450013
105.0	138.0	0.001619919767341993
115.0	138.0	0.007940131439411018
116.0	138.0	0.001197289470939944
117.0	138.0	0.0057321510994726155
126.0	138.0	0.003940964491583765
127.0	138.0	0.002944445794852868
137.0	138.0	0.00627066201863475
95.0	139.0	0.00297366182480413
105.0	139.0	0.005707648592839509
106.0	139.0	0.0006939590354731462
116.0	139.0	0.008524857831121446
117.0	139.0	0.0015954172607088868
118.0	139.0	0.005330542593358523
127.0	139.0	0.004383122565328634
128.0	139.0	0.0025727359703706654
138.0	139.0	0.007327568360181502
96.0	140.0	0.004234180865121506
106.0	140.0	0.00683246081378025
117.0	140.0	0.009121837109962283
118.0	140.0	0.0021958772558948736
119.0	140.0	0.004675113720105539
128.0	140.0	0.004953683878882731
129.0	140.0	0.00259726494924567
139.0	140.0	0.007526419849253396
97.0	141.0	0.0052542903864804605
108.0	141.0	0.0014552094940373894
118.0	141.0	0.009718451475249468
119.0	141.0	0.002847460499249055
120.0	141.0	0.0016621566831731271
129.0	141.0	0.004925309270108924
130.0	141.0	0.0015011863301659766
140.0	141.0	0.007522574219354594
98.0	142.0	0.006297994332412245
108.0	142.0	0.006576479119879968
109.0	142.0	0.003392852464970724
119.0	142.0	0.007944251894123597
120.0	142.0	0.0034170840704402378
121.0	142.0	0.001026493707443266
130.0	142.0	0.003608509958153959
131.0	142.0	0.00020251878930656217
141.0	142.0	0.0050857095766833026
99.0	143.0	0.006545094766919668
109.0	143.0	0.00600278028715423
110.0	143.0	0.004633556926445598
120.0	143.0	0.006026917953050187
121.0	143.0	0.003645595281355468
131.0	143.0	0.0028713737226791405
132.0	143.0	0.0013216156853937122
142.0	143.0	0.002633289593067333
100.0	144.0	0.019241399614737698
111.0	144.0	0.015485607481782848
112.0	144.0	0.011503312867389703
122.0	144.0	0.00885647663909317
123.0	144.0	0.006182081795069297
133.0	144.0	0.004880166661720031
134.0	144.0	0.0034562266749757486
101.0	145.0	0.014924415699868658
112.0	145.0	0.013542765182333265
113.0	145.0	0.008956597234642268
122.0	145.0	0.010543430566236231
123.0	145.0	0.0077167244546309625
124.0	145.0	0.0028412711620680693
134.0	145.0	0.0044239901264405265
135.0	145.0	0.002782141462706929
144.0	145.0	0.0005074726643819199
102.0	146.0	0.008797241985226174
113.0	146.0	0.010209514736676584
114.0	146.0	0.0034575434317644536
123.0	146.0	0.008974716023035928
124.0	146.0	0.003990972472404747
125.0	146.0	0.0010782982228236344
135.0	146.0	0.005031798517499593
136.0	146.0	0.00016149874730197433
145.0	146.0	0.0013621315161779376
103.0	147.0	0.004460255813808608
114.0	147.0	0.006077084933522182
115.0	147.0	8.187083884983921e-5
124.0	147.0	0.006548300394445927
125.0	147.0	0.0020280238812031438
126.0	147.0	0.0039020639022138703
136.0	147.0	0.003129004168596683
137.0	147.0	0.0015875985819195318
146.0	147.0	0.0033428595936902533
104.0	148.0	0.0025890417482135053
115.0	148.0	0.00515374990428619
116.0	148.0	0.0015836910292965634
125.0	148.0	0.0070999029466390275
126.0	148.0	0.0011599839913472576
127.0	148.0	0.005725426295089375
137.0	148.0	0.0034842804835123684
138.0	148.0	0.0027809805002365073
147.0	148.0	0.005062047893561128
105.0	149.0	0.0024774435327805655
116.0	149.0	0.005294652771062502
117.0	149.0	0.001634787799350057
126.0	149.0	0.008038327791706323
127.0	149.0	0.0011529175052696905
128.0	149.0	0.005802941030429609
138.0	149.0	0.0040973633001225584
139.0	149.0	0.003230205060058944
148.0	149.0	0.006878343800359066
106.0	150.0	0.0039871560841375775
117.0	150.0	0.0062765323803196105
118.0	150.0	0.000649427473747799
127.0	150.0	0.009064237684939358
128.0	150.0	0.0021083791492400583
129.0	150.0	0.005442569678888343
139.0	150.0	0.004681115119610724
140.0	150.0	0.0028453047296426726
149.0	150.0	0.007911320179669667
118.0	151.0	0.007458269107157467
119.0	151.0	0.0005872781311570541
128.0	151.0	0.010216075730145324
129.0	151.0	0.0026651269020169233
130.0	151.0	0.003774588775009425
140.0	151.0	0.005262391851262593
141.0	151.0	0.002260182368092001
150.0	151.0	0.008107696580905266
108.0	152.0	0.0059311718472149595
119.0	152.0	0.0072973946558057
120.0	152.0	0.002787777473383518
129.0	152.0	0.00937524342666557
130.0	152.0	0.0029747760230172215
131.0	152.0	0.0004252778952549537
141.0	152.0	0.004449934156556645
142.0	152.0	0.000618457054762518
151.0	152.0	0.006710116524648646
109.0	153.0	0.007288178705519307
120.0	153.0	0.007312824033950375
121.0	153.0	0.004881417468077884
130.0	153.0	0.00753080654871724
131.0	153.0	0.004113029158786951
132.0	153.0	0.0025085600154783217
142.0	153.0	0.0038526475539464706
143.0	153.0	0.0011591481557493453
152.0	153.0	0.004466414123380697
110.0	154.0	0.007408213827255233
121.0	154.0	0.006420252182165104
131.0	154.0	0.005695294827270252
132.0	154.0	0.004096272586203348
143.0	154.0	0.0027746569008096356
153.0	154.0	0.001673865230828294
111.0	155.0	0.020180029147475298
122.0	155.0	0.013550898304785619
133.0	155.0	0.009574588327412481
134.0	155.0	0.008150648340668198
144.0	155.0	0.00469442166569245
112.0	156.0	0.015232780870379048
122.0	156.0	0.012585944642082514
123.0	156.0	0.01040679255818515
133.0	156.0	0.008609634664709376
134.0	156.0	0.007185694677965093
135.0	156.0	0.008023684779819195
144.0	156.0	0.0037294680029893446
145.0	156.0	0.0037186756561703184
155.0	156.0	0.0009649536627031052
113.0	157.0	0.01867426541109444
123.0	157.0	0.01657887986265482
124.0	157.0	0.00772483773380452
134.0	157.0	0.01004008838551874
135.0	157.0	0.0203280904119826
136.0	157.0	0.0020568515188071103
145.0	157.0	0.004431952189418487
146.0	157.0	0.0022102519290003917
156.0	157.0	0.001871257017078183
114.0	158.0	0.005362871702703504
124.0	158.0	0.005835471572234241
125.0	158.0	0.0013138106503853364
135.0	158.0	0.008106150426344659
136.0	158.0	0.0024161753463849966
137.0	158.0	0.0023018118127367784
146.0	158.0	0.002544520091976674
147.0	158.0	0.0007128288222116863
157.0	158.0	0.0019483143550344838
115.0	159.0	0.0027901727219596284
125.0	159.0	0.004736325764312683
126.0	159.0	0.0011990117068350625
136.0	159.0	0.005832056363975491
137.0	159.0	0.0011207033011878806
138.0	159.0	0.0051399761984188275
147.0	159.0	0.002703052195378808
148.0	159.0	0.00235899569818232
158.0	159.0	0.003415881017590494
116.0	160.0	0.002073744733463778
126.0	160.0	0.004817419754107599
127.0	160.0	0.0020679905323290337
137.0	160.0	0.00714881947412556
138.0	160.0	0.0008764552625238342
139.0	160.0	0.006451113097657668
148.0	160.0	0.0036574357627603415
149.0	160.0	0.0032209080375987242
159.0	160.0	0.006016431460942662
117.0	161.0	0.003048893572881517
127.0	161.0	0.0058365988775012645
128.0	161.0	0.0011192596581980352
138.0	161.0	0.008781044672354132
139.0	161.0	0.0014534763121726302
140.0	161.0	0.006072943537080766
149.0	161.0	0.004683681372231574
150.0	161.0	0.0032276388074380935
160.0	161.0	0.007904589409830298
118.0	162.0	0.00438062121429289
128.0	162.0	0.0071384278372807475
129.0	162.0	0.0004125209908476535
139.0	162.0	0.009711163807651413
140.0	162.0	0.0021847439583980166
141.0	162.0	0.0053378302609565775
150.0	162.0	0.005030048688040689
151.0	162.0	0.0030776478928645767
161.0	162.0	0.008257687495478783
119.0	163.0	0.005735453144526448
129.0	163.0	0.007813301915386317
130.0	163.0	0.001403698529194306
140.0	163.0	0.010410566864631987
141.0	163.0	0.002887992645277393
142.0	163.0	0.0021864773691921257
151.0	163.0	0.005148175013369394
152.0	163.0	0.0015619415112792523
162.0	163.0	0.00822582290623397
120.0	164.0	0.007492840584061448
130.0	164.0	0.007708189319815653
131.0	164.0	0.004351075821487353
141.0	164.0	0.009161388575012593
142.0	164.0	0.004091839235608753
143.0	164.0	0.0014427479881025849
152.0	164.0	0.004694343577417681
153.0	164.0	0.0003095115432147415
163.0	164.0	0.006262291050126989
121.0	165.0	0.008164270754632358
131.0	165.0	0.007470278556664705
132.0	165.0	0.005840291158670602
142.0	165.0	0.00716955096088895
143.0	165.0	0.00451867547327689
153.0	165.0	0.003454563940206754
154.0	165.0	0.0017440185724672541
164.0	165.0	0.00309330264961642
122.0	166.0	0.01764644617313038
133.0	166.0	0.013670136195757243
134.0	166.0	0.01224619620901296
144.0	166.0	0.008789969534037212
145.0	166.0	0.00945312089861448
155.0	166.0	0.004095547868344762
156.0	166.0	0.005060501531047867
123.0	167.0	0.01487814088986764
134.0	167.0	0.010626877427142436
135.0	167.0	0.015065533953347322
144.0	167.0	0.006703689592906624
145.0	167.0	0.0071490673574809305
146.0	167.0	0.005688080801892568
156.0	167.0	0.0024703435559016306
157.0	167.0	0.006825500182271546
166.0	167.0	0.0032738682417455833
124.0	168.0	0.006617207592888498
135.0	168.0	0.00956075049320848
136.0	168.0	0.003152925642907784
145.0	168.0	0.004627925765762971
146.0	168.0	0.003372849098470943
147.0	168.0	1.7245043310445184e-5
157.0	168.0	0.0031699528104815276
158.0	168.0	0.0007049620598780555
167.0	168.0	0.0016521128248171227
125.0	169.0	0.0033398353988701715
136.0	169.0	0.004438272911814423
137.0	169.0	0.0002757870642535346
146.0	169.0	0.004809187726756699
147.0	169.0	0.0013092687432177397
148.0	169.0	0.0037527791503433883
158.0	169.0	0.002022097565429426
159.0	169.0	0.0013937834521610681
168.0	169.0	0.001343739086299257
126.0	170.0	0.0013060563870680997
137.0	170.0	0.003630636571299762
138.0	170.0	0.0026349081045156653
147.0	170.0	0.00520812028928197
148.0	170.0	0.00014607239572084207
149.0	170.0	0.006732271404638224
159.0	170.0	0.002505068093903162
160.0	170.0	0.0035113633670394995
169.0	170.0	0.0038988515460642303
127.0	171.0	0.002567556487711231
138.0	171.0	0.005512002282564099
139.0	171.0	0.0018155660776174032
148.0	171.0	0.008292982782800606
149.0	171.0	0.0014146389824415406
150.0	171.0	0.006496681197228127
160.0	171.0	0.004635547020040265
161.0	171.0	0.0032690423897900334
170.0	171.0	0.008146910387079764
128.0	172.0	0.004294780415377397
139.0	172.0	0.0068675163857480626
140.0	172.0	0.0006589034635053337
149.0	172.0	0.010097721445807006
150.0	172.0	0.002186401266137339
151.0	172.0	0.005921295314767927
161.0	172.0	0.005414040073575432
162.0	172.0	0.0028436474219033503
171.0	172.0	0.008683082463365466
129.0	173.0	0.004877016138236906
140.0	173.0	0.007474281087482576
141.0	173.0	4.8293131872018114e-5
150.0	173.0	0.010319585817125249
151.0	173.0	0.0022118892362199827
152.0	173.0	0.004498227288428663
162.0	173.0	0.005289537129084559
163.0	173.0	0.002936285777149411
172.0	173.0	0.00813318455098791
130.0	174.0	0.007073029994476591
141.0	174.0	0.008524356345758322
142.0	174.0	0.0034718220729101205
151.0	174.0	0.010784538713850322
152.0	174.0	0.004074422189201676
153.0	174.0	0.0003062988308524061
163.0	174.0	0.005636363700480929
164.0	174.0	0.000604254461931377
173.0	174.0	0.00857264947763034
131.0	175.0	0.009028318441048448
142.0	175.0	0.008702310003799757
143.0	175.0	0.006012134742625072
152.0	175.0	0.009291944245498477
153.0	175.0	0.004966191315461067
154.0	175.0	0.0032026406414537635
164.0	175.0	0.004574610987403048
165.0	175.0	0.0014367250465381505
174.0	175.0	0.00516636565489746
132.0	176.0	0.009187231134893087
143.0	176.0	0.007865615449499375
153.0	176.0	0.006871896639591442
154.0	176.0	0.005090958548689739
165.0	176.0	0.003346939976222485
175.0	176.0	0.0019522374293008222
133.0	177.0	0.019679374080309675
144.0	177.0	0.014799207418589644
155.0	177.0	0.010104785752897194
156.0	177.0	0.0110697394156003
166.0	177.0	0.006009237884552432
134.0	178.0	0.015031061042064087
144.0	178.0	0.011574834367088338
145.0	178.0	0.012608866390392501
155.0	178.0	0.006880412701395888
156.0	178.0	0.007845366364098993
157.0	178.0	0.014876105227406363
166.0	178.0	0.002784864833051126
167.0	178.0	0.006434988405571061
177.0	178.0	0.003224373051501306
135.0	179.0	0.029533223362486018
145.0	179.0	0.01027035603053296
146.0	179.0	0.008206598891411109
156.0	179.0	0.0035778489762660387
157.0	179.0	0.01287948761300613
158.0	179.0	0.0035085393508028175
167.0	179.0	0.00040486797830236235
168.0	179.0	0.002519892701073296
178.0	179.0	0.008119429732934207
136.0	180.0	0.004355652559945826
146.0	180.0	0.004718185527837755
147.0	180.0	0.0012148186214705505
157.0	180.0	0.0051683570525326026
158.0	180.0	0.0019303424228114508
159.0	180.0	0.00149845295480972
168.0	180.0	0.0012481736208580705
169.0	180.0	9.940005057660503e-5
179.0	180.0	0.0006449005507753074
137.0	181.0	0.0015623612270184353
147.0	181.0	0.003179657446325934
148.0	181.0	0.0019969901673483285
158.0	181.0	0.00390862400275739
159.0	181.0	0.000415410842763903
160.0	181.0	0.005737226631239382
169.0	181.0	0.0018407481634134832
170.0	181.0	0.0021463694965510043
180.0	181.0	0.0019495246771374793
138.0	182.0	0.0008118589169333612
148.0	182.0	0.0035928394171698685
149.0	182.0	0.0032855043831891972
159.0	182.0	0.005951835115352189
160.0	182.0	6.4596345590473e-5
161.0	182.0	0.007969185755420771
170.0	182.0	0.0034467670214490265
171.0	182.0	0.004700143365630738
181.0	182.0	0.005671167888753294
139.0	183.0	0.003172231596679176
149.0	183.0	0.00640243665673812
150.0	183.0	0.0015088835229315478
160.0	183.0	0.009623344694336844
161.0	183.0	0.0017187552845065457
162.0	183.0	0.006538932210972237
171.0	183.0	0.004987797674296579
172.0	183.0	0.0036952847890688867
182.0	183.0	0.009687941039927317
140.0	184.0	0.004314674852642308
150.0	184.0	0.007159979582284981
151.0	184.0	0.0009477169986202849
161.0	184.0	0.010387618389723074
162.0	184.0	0.002129930894244292
163.0	184.0	0.006095892011989679
172.0	184.0	0.004973578316147642
173.0	184.0	0.0031596062348402676
183.0	184.0	0.008668863105216529
141.0	185.0	0.006096876792772543
151.0	185.0	0.008357059160864544
152.0	185.0	0.0016469426362158979
162.0	185.0	0.01143470705372912
163.0	185.0	0.00320888414749515
164.0	185.0	0.0030410681343206038
173.0	185.0	0.006145169924644561
174.0	185.0	0.0024274795529857784
184.0	185.0	0.009304776159484829
142.0	186.0	0.010435368917146994
152.0	186.0	0.01109076267540734
153.0	186.0	0.006256721787922391
163.0	186.0	0.012869218404561518
164.0	186.0	0.005791428550861111
165.0	186.0	0.002257568776913491
174.0	186.0	0.006451549597931791
175.0	186.0	0.0006511650552898264
185.0	186.0	0.00921552308044482
143.0	187.0	0.009907245506002332
153.0	187.0	0.008956466187208086
154.0	187.0	0.007132588605192697
164.0	187.0	0.008502592756394572
165.0	187.0	0.005388570032725443
175.0	187.0	0.004019501168772674
176.0	187.0	0.0020416300565029577
186.0	187.0	0.003877957539177688
144.0	188.0	0.018806208489082543
155.0	188.0	0.014111786823390093
156.0	188.0	0.015076740486093199
166.0	188.0	0.010016238955045331
167.0	188.0	0.01464337334329058
177.0	188.0	0.004007001070492899
178.0	188.0	0.007231374121994205
145.0	189.0	0.012616712748758504
156.0	189.0	0.007852290575046272
157.0	189.0	0.014887583125080808
166.0	189.0	0.002791789043998405
167.0	189.0	0.006442848127373086
168.0	189.0	0.007203539045402264
178.0	189.0	6.924210947278908e-6
179.0	189.0	0.008129753588001352
188.0	189.0	0.007224449911046926
146.0	190.0	0.0060145855462277195
157.0	190.0	0.0070904531798674925
158.0	190.0	0.0030883572574936374
167.0	190.0	0.0010802287683327975
168.0	190.0	0.0024217125353464203
169.0	190.0	0.0010593068476585433
179.0	190.0	0.001085906689095133
180.0	190.0	0.0011630687003484983
189.0	190.0	0.00474428706878698
147.0	191.0	0.002230845816269256
158.0	191.0	0.0029922228099186978
159.0	191.0	0.0006563014062708977
168.0	191.0	0.002280658871823999
169.0	191.0	0.0008324075537739234
170.0	191.0	0.0033319805522197994
180.0	191.0	0.0009419669932182411
181.0	191.0	0.0011165839925665504
190.0	191.0	0.0002962520195311726
150.0	194.0	0.003520930308742787
161.0	194.0	0.00674856911618088
162.0	194.0	0.0015091183792979024
171.0	194.0	0.010017611505970914
172.0	194.0	0.001334529042605448
173.0	194.0	0.006798655508382462
183.0	194.0	0.005029813831674335
184.0	194.0	0.003639049273542194
151.0	195.0	0.00499694871684267
162.0	195.0	0.008074596609707246
163.0	195.0	0.00015122629652672415
172.0	195.0	0.010918244031610597
173.0	195.0	0.002785059480622687
174.0	195.0	0.005787589997007653
184.0	195.0	0.0059446657154629545
185.0	195.0	0.0033601104440218743
194.0	195.0	0.009583714989005149
152.0	196.0	0.009278018509861152
163.0	196.0	0.010839960021140405
164.0	196.0	0.004619350673766166
173.0	196.0	0.013776245798289816
174.0	196.0	0.005203596320659476
175.0	196.0	0.00010256441119597777
185.0	196.0	0.007631075873645254
186.0	196.0	0.0005266377994720712
195.0	196.0	0.010991186317667129
153.0	197.0	0.010930107950026054
164.0	197.0	0.010443012702560301
165.0	197.0	0.007321557276228852
174.0	197.0	0.011004951039970734
175.0	197.0	0.00597675803057694
176.0	197.0	0.003974617300006367
186.0	197.0	0.006078892857667962
187.0	197.0	0.001932987243503409
196.0	197.0	0.005801354719311258
154.0	198.0	0.010898349186728551
165.0	198.0	0.009154330614261297
175.0	198.0	0.007832542751377444
176.0	198.0	0.005807390638038812
187.0	198.0	0.003765760581535854
197.0	198.0	0.0018327733380324451
155.0	199.0	0.02192300630270927
166.0	199.0	0.017827458434364507
177.0	199.0	0.011818220549812075
178.0	199.0	0.015042593601313381
188.0	199.0	0.007811219479319176
156.0	200.0	0.0174461483026207
166.0	200.0	0.012385646771572834
167.0	200.0	0.01733290525028252
177.0	200.0	0.006376408887020402
178.0	200.0	0.009600781938521707
179.0	200.0	0.022433996695039583
188.0	200.0	0.0023694078165275023
189.0	200.0	0.009593857727574429
199.0	200.0	0.0054418116627916735
157.0	201.0	0.013328206879521872
167.0	201.0	0.005375033809593607
168.0	201.0	0.0062504458698358556
178.0	201.0	0.0009337924931636654
179.0	201.0	0.006727164471865192
180.0	201.0	0.0049607001877824426
189.0	201.0	0.0009407167041109443
190.0	201.0	0.003800335774523059
200.0	201.0	0.010534574431685373
158.0	202.0	0.0029416470234330623
168.0	202.0	0.002271917228289113
169.0	202.0	0.0009091575738361299
179.0	202.0	0.0008615383210007312
180.0	202.0	0.0010125253658474034
181.0	202.0	0.0009205751732764419
190.0	202.0	0.0001524698398560332
191.0	202.0	0.00013443860544571978
201.0	202.0	0.003958721661948071
159.0	203.0	0.0005600000612485708
169.0	203.0	0.0021507422509210207
170.0	203.0	0.0022990649526138567
180.0	203.0	0.0022735346748017087
181.0	203.0	9.888073878624448e-5
182.0	203.0	0.006232902530100747
191.0	203.0	0.0013602761450503306
202.0	203.0	0.0011249795342673258
162.0	206.0	0.003611797275648365
172.0	206.0	0.0064554446975517155
173.0	206.0	0.0016777398534361943
183.0	206.0	0.010150729486620602
184.0	206.0	0.0014818663814040733
185.0	206.0	0.007822909778080755
194.0	206.0	0.0051209156549462675
195.0	206.0	0.004462799334058881
163.0	207.0	0.008243278900009338
173.0	207.0	0.011179564677158749
174.0	207.0	0.002606915199528409
184.0	207.0	0.014339170911999016
185.0	207.0	0.0050343947525141874
186.0	207.0	0.003483267342456536
195.0	207.0	0.008394505196536062
196.0	207.0	0.002596681121131067
206.0	207.0	0.012857304530594943
164.0	208.0	0.012135251970497807
174.0	208.0	0.012727160372897473
175.0	208.0	0.00738763212126223
185.0	208.0	0.015313944594979496
186.0	208.0	0.007686368367973438
187.0	208.0	0.0030598440063655465
196.0	208.0	0.0071820752067589515
197.0	208.0	0.0010000034211667074
207.0	208.0	0.009949164942142381
165.0	209.0	0.012549260343534319
175.0	209.0	0.011270097515536032
176.0	209.0	0.009202320367311834
186.0	209.0	0.012031253047360153
187.0	209.0	0.007160690310808876
197.0	209.0	0.005227703067305467
198.0	209.0	0.003394929729273022
208.0	209.0	0.004570770510009145
166.0	210.0	0.022420550729105315
177.0	210.0	0.016411312844552883
178.0	210.0	0.01963568589605419
188.0	210.0	0.012404311774059984
189.0	210.0	0.01962876168510691
199.0	210.0	0.004593092294740808
200.0	210.0	0.010034903957532482
167.0	211.0	0.016071232661136137
178.0	211.0	0.008489281127971593
179.0	211.0	0.020776772014494044
188.0	211.0	0.0012579070059773878
189.0	211.0	0.008482356917024314
190.0	211.0	0.013255809990877368
200.0	211.0	0.0011115008105501145
201.0	211.0	0.009423073621135258
210.0	211.0	0.011146404768082596
168.0	212.0	0.0039971366365421255
179.0	212.0	0.0034111539422244917
180.0	212.0	0.002728243069755373
189.0	212.0	0.0031647654011621174
190.0	212.0	0.0015686398378897833
191.0	212.0	0.0019649006433366963
201.0	212.0	0.002224048697051173
202.0	212.0	0.0017232432214276507
211.0	212.0	0.011647122318186431
169.0	213.0	0.0012482378805392313
180.0	213.0	0.0013632125804036895
181.0	213.0	0.0007571493974189286
190.0	213.0	8.326871167991421e-5
191.0	213.0	0.0004173686805825244
202.0	213.0	0.00025123468707639743
203.0	213.0	0.0009635540776395401
212.0	213.0	0.0016426190652233175
174.0	218.0	0.01228116056563229
185.0	218.0	0.014713950108418902
186.0	218.0	0.007520176656939842
195.0	218.0	0.01808141062555076
196.0	218.0	0.007066181638945761
197.0	218.0	0.0012521367470838516
207.0	218.0	0.009668542869823691
208.0	218.0	0.0003321657085008812
175.0	219.0	0.013188742595413345
186.0	219.0	0.014188769417519578
187.0	219.0	0.009055544551245465
196.0	219.0	0.012923912027053314
197.0	219.0	0.007122557307742056
198.0	219.0	0.0052897839697096105
208.0	219.0	0.0065899755930252666
209.0	219.0	0.0018948542404365887
218.0	219.0	0.005886000797621869
176.0	220.0	0.01328892081633698
187.0	220.0	0.011247290759834022
197.0	220.0	0.009314303516330613
198.0	220.0	0.007481530178298168
209.0	220.0	0.004086600449025146
219.0	220.0	0.0021917462085885575
177.0	221.0	0.026273774251572124
188.0	221.0	0.022266773181079225
199.0	221.0	0.014455553701760049
200.0	221.0	0.019897365364551722
210.0	221.0	0.00986246140701924
178.0	222.0	0.023858707608862523
188.0	222.0	0.016627333486868318
189.0	222.0	0.023851783397915244
199.0	222.0	0.008816114007549142
200.0	222.0	0.014257925670340815
201.0	222.0	0.024792500102026188
210.0	222.0	0.004223021712808334
211.0	222.0	0.01536942648089093
221.0	222.0	0.005639439694210907
186.0	230.0	0.017645794101769134
196.0	230.0	0.01581361403504199
197.0	230.0	0.009508241328836554
207.0	230.0	0.01863589315088316
208.0	230.0	0.009097209560419277
209.0	230.0	0.003826358763198903
218.0	230.0	0.008169671142268742
219.0	230.0	0.0017668807984891446
187.0	231.0	0.013604434398683057
197.0	231.0	0.011671447155179648
198.0	231.0	0.009838673817147203
208.0	231.0	0.01143738881669892
209.0	231.0	0.006443744087874181
219.0	231.0	0.004548889847437593
220.0	231.0	0.002357143638849035
230.0	231.0	0.0031772136889745045
188.0	232.0	0.02838022045660432
199.0	232.0	0.020569000977285146
200.0	232.0	0.02601081264007682
210.0	232.0	0.015975908682544337
211.0	232.0	0.027122313450626934
221.0	232.0	0.006113447275525097
222.0	232.0	0.011752886969736004
196.0	240.0	0.01572490362077289
207.0	240.0	0.018321584741903957
208.0	240.0	0.009574783787148346
218.0	240.0	0.008693119420002338
219.0	240.0	0.002800991593719576
230.0	240.0	0.0012774591531018612
197.0	241.0	0.016535073238174405
208.0	241.0	0.016638245647740746
209.0	241.0	0.010280345689146967
218.0	241.0	0.015079594097368459
219.0	241.0	0.0080132320320664
220.0	241.0	0.0053908995822623505
230.0	241.0	0.006709944050108385
231.0	241.0	0.002570676041424743
240.0	241.0	0.0046619630215137
198.0	242.0	0.013286229415546481
209.0	242.0	0.00985880614427624
219.0	242.0	0.007945815880195528
220.0	242.0	0.005733092036381729
231.0	242.0	0.0033533877108822465
241.0	242.0	0.0014195766019878104
199.0	243.0	0.03143054904897455
210.0	243.0	0.02683745675423374
221.0	243.0	0.0169749953472145
222.0	243.0	0.022614435041425407
232.0	243.0	0.010861548071689403
200.0	244.0	0.03354240933610156
210.0	244.0	0.023507505378569077
211.0	244.0	0.03465391014665167
221.0	244.0	0.013645043971549836
222.0	244.0	0.019284483665760743
232.0	244.0	0.007531596696024739
243.0	244.0	0.0033299513756646637
208.0	252.0	0.018200905380501734
218.0	252.0	0.016614215565071807
219.0	252.0	0.009895695655141408
230.0	252.0	0.008851925970285357
231.0	252.0	0.004723982951790782
240.0	252.0	0.006711199153126125
241.0	252.0	0.0028048471867689593
209.0	253.0	0.02901631551718057
219.0	253.0	0.025352236981185397
220.0	253.0	0.021114058620095313
230.0	253.0	0.026269138448716582
231.0	253.0	0.01655605134488963
241.0	253.0	0.018170833190240196
242.0	253.0	0.01032231534581786
252.0	253.0	0.011108168754887068
210.0	254.0	0.03586867001406033
221.0	254.0	0.026006208607041087
222.0	254.0	0.031645648301251994
232.0	254.0	0.01989276133151599
243.0	254.0	0.009031213259826587
244.0	254.0	0.01236116463549125
218.0	262.0	0.016473123898562682
230.0	262.0	0.009714928901905376
240.0	262.0	0.0077630232544531885
241.0	262.0	0.004626168838354191
252.0	262.0	0.0021147182306675187
219.0	263.0	0.013624651502943197
230.0	263.0	0.012936342569918099
231.0	263.0	0.008332004216198358
240.0	263.0	0.01036568919436019
241.0	263.0	0.007209483682558643
242.0	263.0	0.004517143555708314
252.0	263.0	0.004067489788172071
253.0	263.0	0.0037192094539851253
262.0	263.0	0.0013333878323557476
220.0	264.0	0.01301519805082522
231.0	264.0	0.010043424144956199
241.0	264.0	0.009249366635304151
242.0	264.0	0.005926551934928152
253.0	264.0	0.0019194250493661084
263.0	264.0	0.0012335536268848206
221.0	265.0	0.0356556723988628
232.0	265.0	0.029542225123337706
243.0	265.0	0.018680677051648303
244.0	265.0	0.022010628427312967
254.0	265.0	0.009649463791821716
222.0	266.0	0.04085991879487638
232.0	266.0	0.029107031825140378
243.0	266.0	0.018245483753450975
244.0	266.0	0.02157543512911564
254.0	266.0	0.009214270493624388
265.0	266.0	0.0004351932981973283
230.0	274.0	0.015526710097896905
240.0	274.0	0.012738826522687572
241.0	274.0	0.010170051804308041
252.0	274.0	0.006885168959686632
253.0	274.0	0.0019065180222747643
262.0	274.0	0.00378261436461303
263.0	274.0	0.0029365492461205
231.0	275.0	0.017499409040702265
241.0	275.0	0.019323777139790617
242.0	275.0	0.011782799204063731
252.0	275.0	0.012856991368803337
253.0	275.0	0.016073401655688872
263.0	275.0	0.006330108693649959
264.0	275.0	0.005243443744375396
274.0	275.0	0.0012425522510493441
232.0	276.0	0.038989427404690385
243.0	276.0	0.028127879333000982
244.0	276.0	0.031457830708665646
254.0	276.0	0.019096666073174395
265.0	276.0	0.009447202281352679
266.0	276.0	0.009882395579550007
240.0	284.0	0.014152141170508253
252.0	284.0	0.009378618522357397
262.0	284.0	0.006389117916055065
263.0	284.0	0.00610037045531745
274.0	284.0	0.003588521040181642
241.0	285.0	0.012905868320493855
252.0	285.0	0.00961050534688693
253.0	285.0	0.007400179248705535
262.0	285.0	0.006260565324104581
263.0	285.0	0.005910353585445596
264.0	285.0	0.005314827564360798
274.0	285.0	0.0030754650477024742
275.0	285.0	0.00395530354599556
284.0	285.0	0.0008326189532922264
242.0	286.0	0.00904809774875215
253.0	286.0	0.00678074649690547
263.0	286.0	0.005576573091429966
264.0	286.0	0.00495296894244587
275.0	286.0	0.0034260897336484525
285.0	286.0	0.00028557837163126367
243.0	287.0	0.03796368224127558
254.0	287.0	0.028932468981448994
265.0	287.0	0.019283005189627278
266.0	287.0	0.019718198487824606
276.0	287.0	0.009835802908274599
244.0	288.0	0.041429938918407266
254.0	288.0	0.029068774282916016
265.0	288.0	0.0194193104910943
266.0	288.0	0.019854503789291628
276.0	288.0	0.00997210820974162
287.0	288.0	0.00013630530146702124
252.0	296.0	0.011781110891225266
262.0	296.0	0.00850228115078172
263.0	296.0	0.008559042358974362
274.0	296.0	0.006026480793039308
275.0	296.0	0.00835516972533324
284.0	296.0	0.002113163234726656
285.0	296.0	0.0031786480028532693
253.0	297.0	0.13138690728278876
263.0	297.0	0.0101624832379496
264.0	297.0	0.00971447352415819
274.0	297.0	0.004145529707978794
275.0	297.0	0.01606964387962125
285.0	297.0	0.002096094806929102
286.0	297.0	0.0015059800075383396
296.0	297.0	0.007406253495714668
254.0	298.0	0.03884402252620184
265.0	298.0	0.02919455873438012
266.0	298.0	0.02962975203257745
276.0	298.0	0.019747356453027443
287.0	298.0	0.009911553544752844
288.0	298.0	0.009775248243285822
262.0	306.0	0.014423996536032824
274.0	306.0	0.012858373161726893
284.0	306.0	0.008034878619977759
285.0	306.0	0.009752923046413115
296.0	306.0	0.005921715385251103
263.0	307.0	0.011857948592457236
274.0	307.0	0.00909126726056299
275.0	307.0	0.013605929168409648
284.0	307.0	0.004470984402056562
285.0	307.0	0.0058987590640550295
286.0	307.0	0.0061428060312998705
296.0	307.0	0.002211784071118004
297.0	307.0	0.01325788489254918
306.0	307.0	0.004119170934264613
264.0	308.0	0.012322955568192073
275.0	308.0	0.01533124537766602
285.0	308.0	0.004840604423872968
286.0	308.0	0.005151404612521712
297.0	308.0	0.01516261698449777
307.0	308.0	0.002396165505088732
265.0	309.0	0.03862978339472661
276.0	309.0	0.029182581113373934
287.0	309.0	0.019346778205099335
288.0	309.0	0.019210472903632314
298.0	309.0	0.009435224660346492
266.0	310.0	0.03948209680876677
276.0	310.0	0.029599701229216763
287.0	310.0	0.019763898320942164
288.0	310.0	0.019627593019475142
298.0	310.0	0.00985234477618932
309.0	310.0	0.0004171201158428284
274.0	318.0	0.01391824975534629
284.0	318.0	0.00895355344566287
285.0	318.0	0.01077283376260371
296.0	318.0	0.006840390210936215
297.0	318.0	0.021087033918144506
306.0	318.0	0.0009186748256851118
307.0	318.0	0.005101333805596791
275.0	319.0	0.029609101667449164
285.0	319.0	0.009593740535733784
286.0	319.0	0.009910789206053816
296.0	319.0	0.004083699619585945
297.0	319.0	0.03393606612798239
307.0	319.0	0.0012088630970428316
308.0	319.0	0.005300275549537974
318.0	319.0	0.005794886656687213
276.0	320.0	0.03866385146679982
287.0	320.0	0.02882804855852522
288.0	320.0	0.0286917432570582
298.0	320.0	0.018916495013772378
309.0	320.0	0.009481270353425886
310.0	320.0	0.009064150237583057
284.0	328.0	0.016868808355288173
296.0	328.0	0.014755645120561517
306.0	328.0	0.008833929735310414
307.0	328.0	0.0135635984415806
318.0	328.0	0.007915254909625302
285.0	329.0	0.011944613373432065
296.0	329.0	0.007895859491364815
297.0	329.0	0.023197972479087718
306.0	329.0	0.001974144106113712
307.0	329.0	0.006229744762428633
308.0	329.0	0.009769214865439505
318.0	329.0	0.0010554692804286003
319.0	329.0	0.007319148289013425
328.0	329.0	0.006859785629196702
286.0	330.0	0.009799877799213787
297.0	330.0	0.019235529612585844
307.0	330.0	0.0038693028051581817
308.0	330.0	0.0069585161686195164
319.0	330.0	0.0041363426650171285
329.0	330.0	0.0022988354026451077
287.0	331.0	0.03774657387766428
298.0	331.0	0.027835020332911437
309.0	331.0	0.018399795672564945
310.0	331.0	0.017982675556722116
320.0	331.0	0.008918525319139059
288.0	332.0	0.04257588356946654
298.0	332.0	0.032800635326180716
309.0	332.0	0.023365410665834224
310.0	332.0	0.022948290549991396
320.0	332.0	0.013884140312408338
331.0	332.0	0.0049656149932692795
335.0	336.0	0.006680915949608318
336.0	337.0	0.0079622415798754
337.0	338.0	0.01092025056175438
306.0	339.0	0.019124956243164487
318.0	339.0	0.018206281417479375
328.0	339.0	0.010291026507854073
338.0	339.0	0.015846217487057668
296.0	340.0	0.01421305575383111
306.0	340.0	0.008291340368580008
307.0	340.0	0.012983511651910685
318.0	340.0	0.007372665542894896
319.0	340.0	0.016442161213503087
328.0	340.0	0.000542589366730406
329.0	340.0	0.006317196262466296
339.0	340.0	0.010833615874584479
297.0	341.0	0.03459360530746626
307.0	341.0	0.008614994911101435
308.0	341.0	0.0135201661049224
318.0	341.0	0.002465969148860332
319.0	341.0	0.011000971924010507
329.0	341.0	0.0012479611126931228
330.0	341.0	0.00392854802379638
340.0	341.0	0.006042062345502556
298.0	342.0	0.03826277142482537
309.0	342.0	0.02882754676447888
310.0	342.0	0.02841042664863605
320.0	342.0	0.019346276411052993
331.0	342.0	0.010427751091913934
332.0	342.0	0.005462136098644654
335.0	346.0	0.0032311286004115865
336.0	346.0	0.0034516656393447282
336.0	347.0	0.0035993890888337803
337.0	347.0	0.004367934385618959
346.0	347.0	0.007058111033122269
337.0	348.0	0.004846603773712596
338.0	348.0	0.006058712946589273
347.0	348.0	0.00920032408763845
328.0	349.0	0.019422670368626244
338.0	349.0	0.006714838716642346
339.0	349.0	0.009131539486650329
348.0	349.0	0.012773613112188416
306.0	350.0	0.015968012404812666
318.0	350.0	0.015025280059327191
328.0	350.0	0.00690274680007342
329.0	350.0	0.013942170995590444
339.0	350.0	0.0036577728592819213
340.0	350.0	0.007459545062126334
349.0	350.0	0.013028482339282551
307.0	351.0	0.01324300857851365
318.0	351.0	0.007615388314006627
319.0	351.0	0.01679269060754407
328.0	351.0	0.00029986659561867524
329.0	351.0	0.006559919033578027
330.0	351.0	0.00895695617876115
340.0	351.0	0.0002427227711117308
341.0	351.0	0.006322163615389644
350.0	351.0	0.007210466061684313
308.0	352.0	0.014864488773142254
319.0	352.0	0.012980009966051245
329.0	352.0	0.00391984254812644
330.0	352.0	0.006277357847082815
341.0	352.0	0.0032755241394682557
351.0	352.0	0.002640076485451587
309.0	353.0	0.035313696705032094
320.0	353.0	0.025832426351606208
331.0	353.0	0.01691390103246715
332.0	353.0	0.01194828603919787
342.0	353.0	0.006486149940553215
310.0	354.0	0.04033721127750061
320.0	354.0	0.03102550054280015
331.0	354.0	0.021863392041157607
332.0	354.0	0.01676215593791044
342.0	354.0	0.011150837721531609
353.0	354.0	0.004487537749086435
332.0	355.0	0.023458764913248553
354.0	355.0	0.007337315864727956
335.0	356.0	0.010760246447620234
355.0	356.0	0.004585963216774888
335.0	357.0	0.0012300239308730143
336.0	357.0	0.007910939880481332
346.0	357.0	0.004461498343423024
356.0	357.0	0.00953022251674722
335.0	358.0	0.008786172553853716
336.0	358.0	0.0003811383452198147
337.0	358.0	0.011317959613844696
346.0	358.0	0.004355460796333429
347.0	358.0	0.005324224605424425
357.0	358.0	0.010473966843239221
336.0	359.0	0.008189553588128666
337.0	359.0	0.00030544768745926126
338.0	359.0	0.011954475841937052
347.0	359.0	0.004355087109319811
348.0	359.0	0.005475049359010006
358.0	359.0	0.011953936860959
337.0	360.0	0.010177165616746215
338.0	360.0	0.0007412578527945801
339.0	360.0	0.016587475339852248
348.0	360.0	0.005317455093794693
349.0	360.0	0.007456104087456375
359.0	360.0	0.011161745470913512
328.0	361.0	0.015439334717940801
338.0	361.0	0.01123587676335206
339.0	361.0	0.004936494077587163
340.0	361.0	0.015993091881773835
349.0	361.0	0.004382945351483369
350.0	361.0	0.008803570755152174
360.0	361.0	0.011992391489591513
318.0	362.0	0.013730647708040156
328.0	362.0	0.0055885557555908835
329.0	362.0	0.012644930566601695
339.0	362.0	0.004997393158088174
340.0	362.0	0.006146694762708384
341.0	362.0	0.01336747660697039
350.0	362.0	0.0013666884689655925
351.0	362.0	0.005897015991284133
361.0	362.0	0.010184223936620957
319.0	363.0	0.01917632448155954
329.0	363.0	0.007987055175688321
330.0	363.0	0.010455478210663796
340.0	363.0	0.001541161766659018
341.0	363.0	0.007968649907663168
351.0	363.0	0.001293494123368225
352.0	363.0	0.003987355594479425
362.0	363.0	0.004689327475951374
320.0	364.0	0.03463868995015744
331.0	364.0	0.02572016463101838
332.0	364.0	0.0207545496377491
342.0	364.0	0.015292413539104446
353.0	364.0	0.008806263598551231
354.0	364.0	0.004559242934581594
332.0	365.0	0.0255458571148357
342.0	365.0	0.020083721016191047
354.0	365.0	0.009481410826575238
355.0	365.0	0.0020870922015871485
364.0	365.0	0.004791307477086601
355.0	366.0	0.00120690067361523
356.0	366.0	0.005792863890390118
365.0	366.0	0.0008801915279719186
335.0	367.0	0.00668341616093121
346.0	367.0	0.00991642375440673
356.0	367.0	0.004076830286689023
357.0	367.0	0.005453392230058196
366.0	367.0	0.009869694177079141
335.0	368.0	0.00266633648962214
336.0	368.0	0.004472683488449437
346.0	368.0	0.0007856130381915226
347.0	368.0	0.008327706431871355
357.0	368.0	0.003980701987143988
358.0	368.0	0.005880033737803442
367.0	368.0	0.009808028116120094
336.0	369.0	0.004113175625621665
337.0	369.0	0.005713709766559748
346.0	369.0	0.008377842335930296
347.0	369.0	0.0003251610801917062
348.0	369.0	0.011667406870880115
358.0	369.0	0.006700825163091327
359.0	369.0	0.005810496266826929
368.0	369.0	0.010081653130559691
337.0	370.0	0.004431140905770008
338.0	370.0	0.0064731542772552
347.0	370.0	0.008785157427542108
348.0	370.0	0.0004144413306659267
349.0	370.0	0.013188058646220246
359.0	370.0	0.005031829461119311
360.0	370.0	0.00573189642446062
369.0	370.0	0.011155553859869664
338.0	371.0	0.004200511298797542
339.0	371.0	0.011707376894887857
348.0	371.0	0.010282803696380462
349.0	371.0	0.0025404178932218135
350.0	371.0	0.015687567380253686
360.0	371.0	0.004944653997493835
361.0	371.0	0.006993197060538917
370.0	371.0	0.010698857960210962
328.0	372.0	0.011995144003826426
339.0	372.0	0.001377833011935058
340.0	372.0	0.012554936561262118
349.0	372.0	0.008043217191120488
350.0	372.0	0.005191970618730006
351.0	372.0	0.012304518088067037
361.0	372.0	0.0036892245931786703
362.0	372.0	0.006579136382263823
371.0	372.0	0.010696692400123003
329.0	373.0	0.012206140726012806
340.0	373.0	0.005776782255654084
341.0	373.0	0.012850864121401127
350.0	373.0	0.00166470375811378
351.0	373.0	0.005529749926823621
352.0	373.0	0.008216701132532438
362.0	373.0	0.0003136548038149101
363.0	373.0	0.004327509949712734
372.0	373.0	0.006821751107875662
330.0	374.0	0.01208239338764499
341.0	374.0	0.00987571127495063
351.0	374.0	0.0030793396101129467
352.0	374.0	0.0057194160955645335
363.0	374.0	0.0018485793649803267
373.0	374.0	0.002395736452678148
331.0	375.0	0.030991766969175535
342.0	375.0	0.0205640158772616
353.0	375.0	0.014077865936708386
354.0	375.0	0.009974823523455325
364.0	375.0	0.005271602338157155
332.0	376.0	0.03660822567556472
342.0	376.0	0.029648990054227883
353.0	376.0	0.021385071891729102
354.0	376.0	0.016374204473364965
355.0	376.0	0.006719722447431051
364.0	376.0	0.010165127492847025
365.0	376.0	0.004060585777822313
375.0	376.0	0.0034486484248265462
354.0	377.0	0.012454066623323436
355.0	377.0	0.004980717177064289
356.0	377.0	0.009566680393839178
365.0	377.0	0.002893624975477141
366.0	377.0	0.0037738165034490595
376.0	377.0	0.00037385632977226125
355.0	378.0	0.002277846224562924
356.0	378.0	0.0023081169922119643
357.0	378.0	0.011838339508959184
366.0	378.0	0.0034847468981781538
367.0	378.0	0.0063849472789009876
377.0	378.0	0.007258563401627213
335.0	379.0	0.002690867054071455
346.0	379.0	0.005922752171870081
356.0	379.0	0.008069379393548778
357.0	379.0	0.001460843123198441
358.0	379.0	0.01247848286860829
367.0	379.0	0.003992549106859755
368.0	379.0	0.005541713728648319
378.0	379.0	0.010377496385760743
336.0	380.0	0.0009670165793561123
346.0	380.0	0.0030782147558118143
347.0	380.0	0.005188757266694483
357.0	380.0	0.008304610055694762
358.0	380.0	0.0009404085595960205
359.0	380.0	0.010760851312854371
368.0	380.0	0.004258892989156642
369.0	380.0	0.006268366965840894
379.0	380.0	0.010016719136955215
337.0	381.0	0.0007078678246251178
347.0	381.0	0.003909244620236734
348.0	381.0	0.0058280084644418695
358.0	381.0	0.011229635457719534
359.0	381.0	0.00043409325346032974
360.0	381.0	0.011461449276886452
369.0	381.0	0.00523602348239177
370.0	381.0	0.005388939273380561
380.0	381.0	0.010162871324255366
338.0	382.0	0.0018495927855191885
348.0	382.0	0.004209120161070085
349.0	382.0	0.008564450261186457
359.0	382.0	0.009976448399017785
360.0	382.0	0.0011083349327246084
361.0	382.0	0.013123538626921255
370.0	382.0	0.004623561491736011
371.0	382.0	0.006057302375905855
381.0	382.0	0.01028725238500201
339.0	383.0	0.007524109762482412
349.0	383.0	0.0016073534127962106
350.0	383.0	0.011378917975874567
360.0	383.0	0.009063365577369836
361.0	383.0	0.002742480001001656
362.0	383.0	0.012737130443359395
371.0	383.0	0.00415398461333262
372.0	383.0	0.006384834125734164
382.0	383.0	0.010171700510094445
340.0	384.0	0.010570852836078035
350.0	384.0	0.003287387898232261
351.0	384.0	0.010324813831182764
361.0	384.0	0.0054246987457397715
362.0	384.0	0.004644938435620548
363.0	384.0	0.009226557681754463
372.0	384.0	0.0018212496553404543
373.0	384.0	0.004904020249449555
383.0	384.0	0.008037687793203125
341.0	385.0	0.015669764521504714
351.0	385.0	0.006969775194147791
352.0	385.0	0.01000411481534696
362.0	385.0	0.0003935375127291171
363.0	385.0	0.005642271323353547
373.0	385.0	0.0007399354697433302
374.0	385.0	0.00343057387267719
384.0	385.0	0.004811514951277752
342.0	386.0	0.027510780290682574
353.0	386.0	0.02102463035012936
354.0	386.0	0.017111318292890622
364.0	386.0	0.012218366751578127
365.0	386.0	0.0074270592744915265
375.0	386.0	0.006946764413420972
376.0	386.0	0.005402132567413877
354.0	387.0	0.017249626077607782
355.0	387.0	0.009636885405587202
364.0	387.0	0.012345333309304589
365.0	387.0	0.007546526494642295
366.0	387.0	0.008428095695291472
376.0	387.0	0.005550369670754118
377.0	387.0	0.004648372427552407
386.0	387.0	0.00010784241315174712
355.0	388.0	0.0031257789666478547
356.0	388.0	0.007711742183422743
365.0	388.0	0.0010386867650607062
366.0	388.0	0.0019188782930326248
367.0	388.0	0.011788572470111766
377.0	388.0	0.0018549382104164347
378.0	388.0	0.0054036251912107786
387.0	388.0	0.006506213980717871
356.0	389.0	0.0018554335558631924
357.0	389.0	0.007674788960884027
366.0	389.0	0.00764829744625331
367.0	389.0	0.002221396730825831
368.0	389.0	0.01218174390003416
378.0	389.0	0.004163550548075157
379.0	389.0	0.006213945837685586
388.0	389.0	0.009567175739285935
346.0	390.0	0.0020038786522397103
357.0	390.0	0.0025740234770323645
358.0	390.0	0.007288121598720061
367.0	390.0	0.008170565216265111
368.0	390.0	0.0013370787418822943
369.0	390.0	0.011137653315928633
379.0	390.0	0.004073213186583836
380.0	390.0	0.0055308171726668265
389.0	390.0	0.010450272781574283
347.0	391.0	0.0007943981242182923
358.0	391.0	0.0050216101714734675
359.0	391.0	0.005722179779437364
368.0	391.0	0.00845324177667517
369.0	391.0	0.0006352856285226961
370.0	391.0	0.010537410583221314
380.0	391.0	0.004918472473769826
381.0	391.0	0.005210091835421961
390.0	391.0	0.009472077709983422
348.0	392.0	0.001209871123674433
359.0	392.0	0.00418116548156407
360.0	392.0	0.006527326217469126
369.0	392.0	0.010173163580539598
370.0	392.0	0.0007954297930085064
371.0	392.0	0.011497383426836698
381.0	392.0	0.004546241670800397
382.0	392.0	0.005418991284744518
391.0	392.0	0.009653570467901698
349.0	393.0	0.004378725433043965
360.0	393.0	0.003077347443197792
361.0	393.0	0.008851704817932573
370.0	393.0	0.008809243867658412
371.0	393.0	0.0018553300563389724
372.0	393.0	0.012560643320774197
382.0	393.0	0.0041856823759224004
383.0	393.0	0.005986018134172044
392.0	393.0	0.009604673660666918
350.0	394.0	0.008503943783886357
361.0	394.0	0.0001167917732648859
362.0	394.0	0.009855233443378738
371.0	394.0	0.006966495911011413
372.0	394.0	0.003494399177965336
373.0	394.0	0.010055535277704466
383.0	394.0	0.0028016079296757923
384.0	394.0	0.0051978025036320385
393.0	394.0	0.008787626063847837
351.0	395.0	0.009463886162066957
362.0	395.0	0.0038219349026873744
363.0	395.0	0.008360060281249243
372.0	395.0	0.0025751432514668584
373.0	395.0	0.004086936696523482
374.0	395.0	0.006375951882211073
384.0	395.0	0.0007604723374552753
385.0	395.0	0.0038895946896781125
394.0	395.0	0.005892249617634891
352.0	396.0	0.010749559150496092
363.0	396.0	0.006622619046545462
373.0	396.0	0.001962159389518107
374.0	396.0	0.004497786854042686
385.0	396.0	0.0014395995399868002
395.0	396.0	0.0024597161169614867
353.0	397.0	0.026713090542652765
364.0	397.0	0.017906826944101534
375.0	397.0	0.012635224605944378
376.0	397.0	0.012649724734183306
386.0	397.0	0.005688460192523406
354.0	398.0	0.031084626653461855
364.0	398.0	0.0239528034156875
365.0	398.0	0.017461946672543954
375.0	398.0	0.016811283956242422
376.0	398.0	0.018550643595207587
377.0	398.0	0.013541909130802839
386.0	398.0	0.007400397084231276
387.0	398.0	0.007269920662426959
397.0	398.0	0.00030584601857947165
355.0	399.0	0.009902793347382075
365.0	399.0	0.007815701145794926
366.0	399.0	0.008695892673766845
376.0	399.0	0.005897296053982573
377.0	399.0	0.004922076170317785
378.0	399.0	0.012180639571944998
387.0	399.0	0.00028140775903880936
388.0	399.0	0.00677701438073422
398.0	399.0	0.006873898060096115
356.0	400.0	0.004326745523830264
366.0	400.0	0.0014661183665598543
367.0	400.0	0.008403575810519287
377.0	400.0	0.005239934870008914
378.0	400.0	0.0020186285316182995
379.0	400.0	0.012396124917379042
388.0	400.0	0.003384996659592479
389.0	400.0	0.006182179079693456
399.0	400.0	0.010162011040326699
357.0	401.0	0.0029781781780406635
367.0	401.0	0.0024752140520175325
368.0	401.0	0.007163090999616984
378.0	401.0	0.00886016133091852
379.0	401.0	0.0015173350548422226
380.0	401.0	0.011795036798486423
389.0	401.0	0.004696610782843363
390.0	401.0	0.00563037771988477
400.0	401.0	0.01087878986253682
358.0	402.0	0.0017266832595780584
368.0	402.0	0.002831222790483617
369.0	402.0	0.006010362461201828
379.0	402.0	0.00783565325598612
380.0	402.0	0.0008333284743018988
381.0	402.0	0.009336040028861133
390.0	402.0	0.003968123040723128
391.0	402.0	0.004906477431559429
401.0	402.0	0.009352988310828342
359.0	403.0	0.0008599635300352222
369.0	403.0	0.004351409918849117
370.0	403.0	0.00550923489419794
380.0	403.0	0.008999527890553841
381.0	403.0	0.00044767770802779785
382.0	403.0	0.010132796385933951
391.0	403.0	0.004415835999254623
392.0	403.0	0.004713805101189433
402.0	403.0	0.008389804574497423
360.0	404.0	0.00237722275476121
370.0	404.0	0.0033546736696994095
371.0	404.0	0.007331128487391042
381.0	404.0	0.00894296187065114
382.0	404.0	0.0012688878220366018
383.0	404.0	0.011440588332131046
392.0	404.0	0.004150103462707916
393.0	404.0	0.005454570197959002
403.0	404.0	0.00886390856389735
361.0	405.0	0.005265296370437276
371.0	405.0	0.0016724263351494302
372.0	405.0	0.008935146644693834
382.0	405.0	0.007699762581934472
383.0	405.0	0.002471937928159973
384.0	405.0	0.010543398918787606
393.0	405.0	0.0035140802060120713
394.0	405.0	0.005273545857835765
404.0	405.0	0.008968650403971073
362.0	406.0	0.007798086987248664
372.0	406.0	0.001431158191380089
373.0	406.0	0.008020193318497001
383.0	406.0	0.004801442699633618
384.0	406.0	0.003170644711630348
385.0	406.0	0.008332002362110536
394.0	406.0	0.0019998347699578256
395.0	406.0	0.003886833157586183
405.0	406.0	0.007273380627793591
363.0	407.0	0.011692594136534472
373.0	407.0	0.0058210420913150755
374.0	407.0	0.008898410876842294
384.0	407.0	0.0008259164210801098
385.0	407.0	0.005860769558704101
395.0	407.0	0.00021221202679777565
396.0	407.0	0.003707895089048803
406.0	407.0	0.005084265779876971
364.0	408.0	0.023119956562399686
375.0	408.0	0.017781469667119965
376.0	408.0	0.01922960389835297
386.0	408.0	0.01074656672741765
387.0	408.0	0.010654388112371248
397.0	408.0	0.0049859330065663695
398.0	408.0	0.00709618192285176
365.0	409.0	0.014625449058414702
376.0	409.0	0.014573506128203724
377.0	409.0	0.011731824082937561
386.0	409.0	0.007198389783923176
387.0	409.0	0.0071018142650897806
388.0	409.0	0.013586762293353996
398.0	409.0	0.002351370484892496
399.0	409.0	0.006809747912619776
408.0	409.0	0.0034568458677021355
366.0	410.0	0.005771746758564428
377.0	410.0	0.0019979302551153683
378.0	410.0	0.009256493656742582
387.0	410.0	0.0026473150190436377
388.0	410.0	0.003852868465531803
389.0	410.0	0.013420044204817738
399.0	410.0	0.002924145915202417
400.0	410.0	0.007237865125124282
409.0	410.0	0.009733893827822193
367.0	411.0	0.003754571882532365
378.0	411.0	0.0026303753963686227
379.0	411.0	0.00774712098939212
388.0	411.0	0.008034000587579401
389.0	411.0	0.001533175151706534
390.0	411.0	0.012023693208365875
400.0	411.0	0.004649003927986922
401.0	411.0	0.006229785934549897
410.0	411.0	0.011886869053111204
368.0	412.0	0.0024123534201233895
379.0	412.0	0.002928552274894025
380.0	412.0	0.006584453984613517
389.0	412.0	0.009142498112579611
390.0	412.0	0.0010677875083001896
391.0	412.0	0.010358992204245413
401.0	412.0	0.004445887329736248
402.0	412.0	0.004907100981092094
411.0	412.0	0.010675673264286145
369.0	413.0	0.0011077601994116532
380.0	413.0	0.003819020765390881
381.0	413.0	0.0051305717344964355
390.0	413.0	0.008041902090041773
391.0	413.0	0.0004956881153400367
392.0	413.0	0.009134030594592779
402.0	413.0	0.003969579081094077
403.0	413.0	0.004420225493403346
412.0	413.0	0.00887668006218617
370.0	414.0	0.00165919146979723
381.0	414.0	0.004100291028367405
382.0	414.0	0.006667849806844709
391.0	414.0	0.00966090132757341
392.0	414.0	0.00079751025902304
393.0	414.0	0.011202158037819447
403.0	414.0	0.0043089080856856385
404.0	414.0	0.00529327620595693
413.0	414.0	0.009097294551126976
371.0	415.0	0.0035501871891636056
382.0	415.0	0.0024973957592933638
383.0	415.0	0.007674304750801081
392.0	415.0	0.007916387044037881
393.0	415.0	0.0016882866166290367
394.0	415.0	0.010475912680476873
404.0	415.0	0.0037662835813299655
405.0	415.0	0.005202366822641108
414.0	415.0	0.009373253879668041
372.0	416.0	0.005986367035797974
383.0	416.0	0.0003862216514306238
384.0	416.0	0.0076461893344810265
393.0	416.0	0.006372239785602668
394.0	416.0	0.0024153862782451685
395.0	416.0	0.00831437742165882
405.0	416.0	0.0028581595795905967
406.0	416.0	0.004415221048202994
415.0	416.0	0.008060526402231705
373.0	417.0	0.006913552402260315
384.0	417.0	0.0020684536296115743
385.0	417.0	0.007082286933172812
394.0	417.0	0.0030871699826656995
395.0	417.0	0.0027964631100642475
396.0	417.0	0.005500479303525478
406.0	417.0	0.001087335212707874
407.0	417.0	0.003598675684055181
416.0	417.0	0.005502556260910868
374.0	418.0	0.007006979794801971
385.0	418.0	0.004622812661187884
395.0	418.0	0.0006505849231375658
396.0	418.0	0.0031613939838270716
407.0	418.0	0.000674993592288838
417.0	418.0	0.0021399055486987506
375.0	419.0	0.023256683577204076
386.0	419.0	0.016309919163783104
397.0	419.0	0.010621458971259698
398.0	419.0	0.014694897215006667
408.0	419.0	0.0057702879466710036
376.0	420.0	0.04693115591948787
386.0	420.0	0.02583075237758411
387.0	420.0	0.025731458754665676
397.0	420.0	0.017458223504624722
398.0	420.0	0.028945736421668564
399.0	420.0	0.025258731975119932
408.0	420.0	0.010403492085709948
409.0	420.0	0.015235841933466644
419.0	420.0	0.0018250874888874695
377.0	421.0	0.010806373758707466
387.0	421.0	0.006174915429274042
388.0	421.0	0.0126613119691239
398.0	421.0	0.0010976489263825658
399.0	421.0	0.005884297588389681
400.0	421.0	0.01604630862871638
409.0	421.0	0.0009254503242300954
410.0	421.0	0.008808443503592098
420.0	421.0	0.01659796090729547
378.0	422.0	0.004682443965310201
388.0	422.0	0.0007211812259005773
389.0	422.0	0.008845994513385358
399.0	422.0	0.007498195606634797
400.0	422.0	0.0026638154336919018
401.0	422.0	0.013542605296228721
410.0	422.0	0.00457404969143238
411.0	422.0	0.007312819361678824
421.0	422.0	0.013382493195024478
379.0	423.0	0.002634845115349005
389.0	423.0	0.003579100722336581
390.0	423.0	0.00677722200208524
400.0	423.0	0.009761279802030037
401.0	423.0	0.0011175100605067823
402.0	423.0	0.010470498371335124
411.0	423.0	0.005112275874043115
412.0	423.0	0.00556339739024303
422.0	423.0	0.012425095235721939
380.0	424.0	0.0016232197706259833
390.0	424.0	0.003938341070891964
391.0	424.0	0.006251765278416619
401.0	424.0	0.010030440265681898
402.0	424.0	0.0005494480442749294
403.0	424.0	0.010039804750674612
412.0	424.0	0.005001353323190477
413.0	424.0	0.005039745895593091
423.0	424.0	0.011294542307991384
381.0	425.0	0.0010349488562052906
391.0	425.0	0.004193066289525048
392.0	425.0	0.0055754472012704386
402.0	425.0	0.008479429630403077
403.0	425.0	0.0005194396014211206
404.0	425.0	0.010026830785695169
413.0	425.0	0.004221675741267905
414.0	425.0	0.005215958884288448
424.0	425.0	0.010278959964410715
382.0	426.0	0.0026728524731165822
392.0	426.0	0.0032512697278686523
393.0	426.0	0.007248702956449398
403.0	426.0	0.008404471861573564
404.0	426.0	0.0012856853561941512
405.0	426.0	0.011090347917769972
414.0	426.0	0.004428299180179305
415.0	426.0	0.005403042813877337
425.0	426.0	0.009647746866818937
383.0	427.0	0.004225179123538814
393.0	427.0	0.0017608390106332306
394.0	427.0	0.007026787053214606
404.0	427.0	0.007215409208592233
405.0	427.0	0.0017532411953788407
406.0	427.0	0.009026621823172432
415.0	427.0	0.0034491256272622672
416.0	427.0	0.0046114007749694375
426.0	427.0	0.009173678459661523
384.0	428.0	0.005446349349705406
394.0	428.0	0.0002451968103825142
395.0	428.0	0.006138130790859469
405.0	428.0	0.005028349047453251
406.0	428.0	0.0022450315803403398
407.0	428.0	0.008151578087601152
416.0	428.0	0.0021701894678626543
417.0	428.0	0.0033323667930482137
427.0	428.0	0.006781590242832092
385.0	429.0	0.006811392013384447
395.0	429.0	0.0025601087371217896
396.0	429.0	0.005242844435262979
406.0	429.0	0.001323031738820174
407.0	429.0	0.003276651325127235
417.0	429.0	0.00023569652611230008
418.0	429.0	0.0019042090225864505
428.0	429.0	0.0035680633191605138
386.0	430.0	0.024358724197993502
397.0	430.0	0.01848488636907089
398.0	430.0	0.025654119361246137
408.0	430.0	0.013576614348780176
409.0	430.0	0.01692575063588414
419.0	430.0	0.007517291379879454
420.0	430.0	0.009323077523675874
387.0	431.0	0.017452675510786823
398.0	431.0	0.01635192522877083
399.0	431.0	0.01714443334510353
408.0	431.0	0.007008963047512742
409.0	431.0	0.010334685432483753
410.0	431.0	0.020068579260305947
420.0	431.0	2.479197478892964e-5
421.0	431.0	0.011260135756713849
430.0	431.0	0.006254274667198482
388.0	432.0	0.00745552878196698
399.0	432.0	0.0006785144012327604
400.0	432.0	0.01084052544155946
409.0	432.0	0.006131233511387016
410.0	432.0	0.0036026603164351773
411.0	432.0	0.015489529369546381
421.0	432.0	0.0052057831871569205
422.0	432.0	0.008176710007867558
431.0	432.0	0.01646591894387077
389.0	433.0	0.0029445075896822326
400.0	433.0	0.0032376714900112236
401.0	433.0	0.007641118372525596
410.0	433.0	0.010475536615135506
411.0	433.0	0.0014113324379756986
412.0	433.0	0.012087005702261844
422.0	433.0	0.005901486923703125
423.0	433.0	0.006523608312018814
432.0	433.0	0.014078196931570683
390.0	434.0	0.001950838292986028
401.0	434.0	0.004381205158731272
402.0	434.0	0.0063161808488047715
411.0	434.0	0.011506459961952209
412.0	434.0	0.0007037336150230868
413.0	434.0	0.01085634686919219
423.0	434.0	0.005659346014601461
424.0	434.0	0.006641523605517055
433.0	434.0	0.013120657197343158
391.0	435.0	0.000944414873613367
402.0	435.0	0.003587878046245944
403.0	435.0	0.004843110864890576
412.0	435.0	0.008519067275989462
413.0	435.0	0.0004011871241532691
414.0	435.0	0.009580470950563226
424.0	435.0	0.004613642365602896
425.0	435.0	0.004674376736685114
434.0	435.0	0.01045816464425753
392.0	436.0	0.0015965013841330075
403.0	436.0	0.003913878625044942
404.0	436.0	0.006447921132301095
413.0	436.0	0.009081067694606284
414.0	436.0	0.0008085751649327537
415.0	436.0	0.010850660174316008
425.0	436.0	0.0048649100240519974
426.0	436.0	0.00563477328535091
435.0	436.0	0.009602593837711218
393.0	437.0	0.0027965416720563724
404.0	437.0	0.002664269743916439
405.0	437.0	0.006314642752287266
414.0	437.0	0.008186290044879451
415.0	437.0	0.0011063232873023017
416.0	437.0	0.009176072689835885
426.0	437.0	0.0042002239219420655
427.0	437.0	0.004559395466577927
436.0	437.0	0.009571648183923066
394.0	438.0	0.00397681819887033
405.0	438.0	0.0012967276589654353
406.0	438.0	0.0059766529688281556
415.0	438.0	0.006499094481606543
416.0	438.0	0.0015614319206251615
417.0	438.0	0.0070639881815360295
427.0	438.0	0.003049968854344276
428.0	438.0	0.0037316213884878158
437.0	438.0	0.007612854150526452
395.0	439.0	0.0046715053575952445
406.0	439.0	0.000782488216217847
407.0	439.0	0.006153353518896789
416.0	439.0	0.003632732831985147
417.0	439.0	0.001869823428925721
418.0	439.0	0.0040097289776244716
428.0	439.0	0.0014625433641224928
429.0	439.0	0.002105519955038021
438.0	439.0	0.0051941647526103085
396.0	440.0	0.005199395051963586
407.0	440.0	0.003222342838480366
417.0	440.0	0.0002754460707855566
418.0	440.0	0.001864459477913194
429.0	440.0	3.974954467325653e-5
439.0	440.0	0.0021452694997112776
397.0	441.0	0.024348671186463042
408.0	441.0	0.019671667037644856
419.0	441.0	0.013727212215203344
420.0	441.0	0.01837923437102293
430.0	441.0	0.006657268284137778
398.0	442.0	0.0464497036513031
408.0	442.0	0.020540926663628226
409.0	442.0	0.025335822290264366
419.0	442.0	0.011493525760315105
420.0	442.0	0.018733395233060498
421.0	442.0	0.026741772628310425
430.0	442.0	0.00045546810724224004
431.0	442.0	0.009635298883469817
441.0	442.0	0.009360947082893515
399.0	443.0	0.01440755038256493
409.0	443.0	0.007597802469945153
410.0	443.0	0.017331696297767346
420.0	443.0	0.004053058122433377
421.0	443.0	0.008523252794175248
422.0	443.0	0.021905745989199726
431.0	443.0	0.0027368829625386004
432.0	443.0	0.013729035981332169
442.0	443.0	0.013793189831938418
400.0	444.0	0.0048124233800245775
410.0	444.0	0.0024254417450997046
411.0	444.0	0.0094614273080115
421.0	444.0	0.011233885248691802
422.0	444.0	0.0021486079463326757
423.0	444.0	0.014573703182054615
432.0	444.0	0.006028102061534882
433.0	444.0	0.008050094870035801
443.0	444.0	0.01975713804286705
401.0	445.0	0.0018527441237214115
411.0	445.0	0.004377041810828486
412.0	445.0	0.006298631453457659
422.0	445.0	0.01168986117250731
423.0	445.0	0.0007352340632146293
424.0	445.0	0.01212622240979166
433.0	445.0	0.0057883742488041845
434.0	445.0	0.006500262555787588
444.0	445.0	0.013838469118839986
402.0	446.0	0.001008367344214815
412.0	446.0	0.005058571496063127
413.0	446.0	0.005916192473439009
423.0	446.0	0.011936928359070778
424.0	446.0	0.0004760882939669319
425.0	446.0	0.011767098237289584
434.0	446.0	0.006889834384566428
435.0	446.0	0.00545555268232441
445.0	446.0	0.012845941666928052
403.0	447.0	0.001175485662041054
413.0	447.0	0.004973293639248266
414.0	447.0	0.007511996195038249
424.0	447.0	0.013319502442701235
425.0	447.0	0.0005539785382945205
426.0	447.0	0.013467049744029186
435.0	447.0	0.005566465986610415
436.0	447.0	0.007301028942469057
446.0	447.0	0.015842879178718173
404.0	448.0	0.0021216494849853568
414.0	448.0	0.003918922420222755
415.0	448.0	0.0065071986120811475
425.0	448.0	0.009513360924091068
426.0	448.0	0.000835136563348351
427.0	448.0	0.010523441562789148
436.0	448.0	0.0051716252694467635
437.0	448.0	0.005227398890926512
447.0	448.0	0.013652854305559037
405.0	449.0	0.0027304244185732685
415.0	449.0	0.0024719424040678395
416.0	449.0	0.005588583998163865
426.0	449.0	0.008105407166579098
427.0	449.0	0.0009771832231944277
428.0	449.0	0.0077587734660265195
437.0	449.0	0.0035810941326407547
438.0	449.0	0.004027152077538704
448.0	449.0	0.009385586449399182
406.0	450.0	0.0036128777257108113
416.0	450.0	0.0008023433224921828
417.0	450.0	0.004700212938418685
427.0	450.0	0.00541374409746162
428.0	450.0	0.0013678461453704716
429.0	450.0	0.004935909464530985
438.0	450.0	0.002363775243117344
439.0	450.0	0.0028303895094929643
449.0	450.0	0.006390927320656048
407.0	451.0	0.005205146531835555
417.0	451.0	0.0011758104243512757
418.0	451.0	0.0033157159730500263
428.0	451.0	0.002156556368696938
429.0	451.0	0.0014115069504635758
439.0	451.0	0.0006940130045744453
440.0	451.0	0.0014512564951368323
450.0	451.0	0.0035244025140674096
408.0	452.0	0.020098994634835273
419.0	452.0	0.0141438467726056
420.0	452.0	0.01899886233337137
430.0	452.0	0.007080941588321682
431.0	452.0	0.012919593100512371
441.0	452.0	0.0004043162147380337
442.0	452.0	0.009988240898403493
409.0	453.0	0.0158826930431277
420.0	453.0	0.00814101253740002
421.0	453.0	0.016808143367357795
430.0	453.0	0.0005254665406367571
431.0	453.0	0.005548007610643946
432.0	453.0	0.022013926554514715
442.0	453.0	0.0012067285200025387
443.0	453.0	0.008284890573182546
452.0	453.0	0.007366606892773821
410.0	454.0	0.0057821114305058735
421.0	454.0	0.003026332073086224
422.0	454.0	0.010356161121938254
431.0	454.0	0.014286467829800073
432.0	454.0	0.0021794511140706962
433.0	454.0	0.01625764804564138
443.0	454.0	0.011549584867261473
444.0	454.0	0.008207553175605578
453.0	454.0	0.01983447544044402
411.0	455.0	0.0020844406353983658
422.0	455.0	0.005228378726280458
423.0	455.0	0.007196716509441481
432.0	455.0	0.013405088734148016
433.0	455.0	0.0006731081974226671
434.0	455.0	0.013890517906388495
444.0	455.0	0.007376986672613134
445.0	455.0	0.006461482446226852
454.0	455.0	0.015584539848218712
412.0	456.0	0.0009409811133216754
423.0	456.0	0.005550308589247323
424.0	456.0	0.007054257629252218
433.0	456.0	0.01316195817833975
434.0	456.0	0.00026139837455632295
435.0	456.0	0.010894441361458868
445.0	456.0	0.006408168808237468
446.0	456.0	0.007355624363295284
455.0	456.0	0.013947330856967274
413.0	457.0	0.0007409534024038818
424.0	457.0	0.0054630390962634185
425.0	457.0	0.006037600331055749
434.0	457.0	0.012790830151844719
435.0	457.0	0.0002557630961045466
436.0	457.0	0.012396300757411606
446.0	457.0	0.006640521860913711
447.0	457.0	0.007758727858442686
456.0	457.0	0.0133992170993242
414.0	458.0	0.00124235511681545
425.0	458.0	0.00440997756857644
426.0	458.0	0.006050459787756601
435.0	458.0	0.009160837902557225
436.0	458.0	0.0004789979271349967
437.0	458.0	0.009929807223068693
447.0	458.0	0.006662692403082311
448.0	458.0	0.005622060357138672
457.0	458.0	0.011825809004016993
415.0	459.0	0.001651201822974263
426.0	459.0	0.003597924321561788
427.0	459.0	0.00510032745023653
436.0	459.0	0.008920425614100592
437.0	459.0	0.0005467678707044149
438.0	459.0	0.008150296304580806
448.0	459.0	0.004584500398568867
449.0	459.0	0.004123144227042103
458.0	459.0	0.009280878278144743
416.0	460.0	0.00227072619918689
427.0	460.0	0.0023406745757825476
428.0	460.0	0.004440915667049544
437.0	460.0	0.006902748284604438
438.0	460.0	0.0007092942785617284
439.0	460.0	0.005903459031172037
449.0	460.0	0.0033178577989769753
450.0	460.0	0.0030730695216790727
459.0	460.0	0.007441002026019078
417.0	461.0	0.0027916959857218204
428.0	461.0	0.0005406708073263933
429.0	461.0	0.0030273925118341205
438.0	461.0	0.004272292195814209
439.0	461.0	0.0009218725567960995
440.0	461.0	0.003067142056507377
450.0	461.0	0.0019085169526968648
451.0	461.0	0.0016158855613705447
460.0	461.0	0.0049815864743759375
418.0	462.0	0.002882745955370497
429.0	462.0	0.0009785369327840465
439.0	462.0	0.0011269830222539745
440.0	462.0	0.001018286477457303
451.0	462.0	0.00043297001767952925
461.0	462.0	0.002048855579050074
419.0	463.0	0.021946283257033433
430.0	463.0	0.015144185441008665
441.0	463.0	0.00821907104183009
442.0	463.0	0.021847414921455224
452.0	463.0	0.007822130347473588
420.0	464.0	0.14472070946720403
430.0	464.0	0.09328234160365513
431.0	464.0	0.09651775910792547
441.0	464.0	0.08352161292079782
442.0	464.0	0.13946564967918335
443.0	464.0	0.0993623505441553
452.0	464.0	0.08317927208808792
453.0	464.0	0.09075141281055318
463.0	464.0	0.074979085008801
421.0	465.0	0.0134710777300628
431.0	465.0	0.002210941973348951
432.0	465.0	0.01867686091721972
442.0	465.0	0.00627642101240073
443.0	465.0	0.0049478249358875515
444.0	465.0	0.024704962978754602
453.0	465.0	0.0033370656372949947
454.0	465.0	0.016497409803149024
464.0	465.0	0.09421980676963623
422.0	466.0	0.0035293558441780587
432.0	466.0	0.004647354163689499
433.0	466.0	0.009430842767881184
443.0	466.0	0.018376390145021668
444.0	466.0	0.001380747897845383
445.0	466.0	0.015219217016685369
454.0	466.0	0.006826805277760195
455.0	466.0	0.008757734570458517
465.0	466.0	0.02332421508090922
423.0	467.0	0.0010975845095682613
433.0	467.0	0.0054260238024505525
434.0	467.0	0.006914697222637342
444.0	467.0	0.013476118672486354
445.0	467.0	0.000362350446353632
446.0	467.0	0.013293936930372915
455.0	467.0	0.00609913199987322
456.0	467.0	0.006830953944036272
466.0	467.0	0.014856866570331737
424.0	468.0	0.0006163587022808606
434.0	468.0	0.005627091979805302
435.0	468.0	0.004920117014760341
445.0	468.0	0.010969591179107056
446.0	468.0	0.00023337162490378476
447.0	468.0	0.013121692499868571
456.0	468.0	0.005992800435619492
457.0	468.0	0.005787254871703139
467.0	468.0	0.01135861799217305
425.0	469.0	0.0006024352434870184
435.0	469.0	0.003931168209958798
436.0	469.0	0.005304439049748597
446.0	469.0	0.01050750875433419
447.0	469.0	0.00026515144432939433
448.0	469.0	0.009742654185879936
457.0	469.0	0.005065708630613366
458.0	469.0	0.004867961752653554
468.0	469.0	0.009269306873187793
426.0	470.0	0.00105865837022791
436.0	470.0	0.003941086649674219
437.0	470.0	0.0048111725106736326
447.0	470.0	0.010522627259404695
448.0	470.0	0.00037539739245723427
449.0	470.0	0.008382675034712461
458.0	470.0	0.00432271994082701
459.0	470.0	0.004259530807670359
469.0	470.0	0.007991050791995436
427.0	471.0	0.0014698077317473746
437.0	471.0	0.003087905954202695
438.0	471.0	0.0045197765860916506
448.0	471.0	0.008811962892697308
449.0	471.0	0.0004926245085529468
450.0	471.0	0.006883551829208995
459.0	471.0	0.0036305197184891558
460.0	471.0	0.003810482307529922
470.0	471.0	0.007890050526159514
428.0	472.0	0.00200720184616196
438.0	472.0	0.0017244195423258557
439.0	472.0	0.003469745210284453
449.0	472.0	0.0057515716198645594
450.0	472.0	0.0006393557007914885
451.0	472.0	0.004163758214858898
460.0	472.0	0.002433713820887584
461.0	472.0	0.0025478726534883533
471.0	472.0	0.006244196128417506
429.0	473.0	0.002249297679412482
439.0	473.0	0.0001437777243744609
440.0	473.0	0.0022890472240857385
450.0	473.0	0.0026866117851185034
451.0	473.0	0.0008377907289489062
461.0	473.0	0.0007780948324216386
462.0	473.0	0.0012707607466284354
472.0	473.0	0.003325967485909992
