1.0	0.11912244867794114
2.0	0.9999999999999999
3.0	0.06664516594090941
4.0	0.014002574492125974
5.0	0.0032293841395776846
6.0	0.0015397940974312672
7.0	0.0006791861629366494
8.0	0.0005776957742475012
9.0	0.00015614756162685806
10.0	7.823006759971074e-5
11.0	1.6878468223777977e-5
12.0	0.06341246183564934
13.0	0.17037266780204277
14.0	0.11506932319505604
15.0	0.013626921166914047
16.0	0.00336193761775431
17.0	0.0013598286326643987
18.0	0.0009435457946545274
19.0	0.0006052747765771507
20.0	0.00028575983761153966
21.0	0.00027094058995228923
22.0	5.2571884816461306e-5
23.0	0.002745605314958303
24.0	0.024859711765696905
25.0	0.01222779158910459
26.0	0.023740908109526643
27.0	0.0021451716291893243
28.0	0.0019344858374298695
29.0	0.00129405798430817
30.0	0.00027473576322506503
31.0	0.0003516946237083828
32.0	9.703098687868737e-5
33.0	5.3565917615535795e-5
34.0	0.0017065387027377977
35.0	0.002420209710253503
36.0	0.006923170590429278
37.0	0.0021882230739785034
38.0	0.0016708826494896336
39.0	0.0007439430967740647
40.0	0.0005189461509626303
41.0	0.0003629832087894207
42.0	0.0001718982698726228
43.0	0.00017707785115904566
44.0	6.617518384488334e-5
45.0	0.0004213971577278774
46.0	0.0016279323961984977
47.0	0.0011057811993398167
48.0	0.0011481629499063245
49.0	0.002888487768711424
50.0	0.0004404056781262289
51.0	0.0002972073975778777
52.0	0.00027304566716971506
53.0	0.00014609304747925092
54.0	7.611316476347518e-5
55.0	0.00011291526561861376
56.0	0.0002792461779502178
57.0	0.0007284006522034418
58.0	0.0004446771591509807
59.0	0.000820146464323103
60.0	0.0005790508152028562
61.0	0.0010197730118361272
62.0	0.0006259026881119792
63.0	0.00023926009300701098
64.0	0.0001360017396637671
65.0	0.00012027783792221737
66.0	5.4279455768598324e-5
67.0	5.53191477964067e-5
68.0	0.0004739844268477043
69.0	0.00019346014982658433
70.0	0.0005373323381222213
71.0	0.000308363881825044
72.0	0.0002684828923772787
73.0	0.00015630885621569797
74.0	0.0003250405997656083
75.0	9.75599546180221e-5
76.0	9.8278068697525e-5
77.0	3.7871532733996704e-5
78.0	5.3696123732778007e-5
79.0	6.681104637891358e-5
80.0	0.0001492904547933901
81.0	0.00018576016775332892
82.0	0.0001716455806484838
83.0	0.0002967637208962971
84.0	9.663753108132509e-5
85.0	7.553314943086183e-5
86.0	8.220704695030814e-5
87.0	0.0001378755968339841
88.0	5.234301092441336e-5
89.0	8.65586104167058e-5
90.0	8.411520720797151e-5
91.0	7.626114195017464e-5
92.0	5.924526751065615e-5
93.0	0.00027534657401597233
94.0	0.00014963265722655022
95.0	5.3828940636527437e-5
96.0	0.00012842673717961459
97.0	5.16190915629081e-5
98.0	5.076903865017824e-5
99.0	6.069652675773654e-5
100.0	3.572623669435421e-5
101.0	4.014029018514166e-5
102.0	3.337373303915407e-5
103.0	6.925487109585133e-5
104.0	2.7687153515180444e-5
105.0	2.9025127123759274e-5
106.0	8.033757933664216e-5
107.0	4.923694946155119e-5
108.0	1.756221198649229e-5
109.0	2.924287216879467e-5
110.0	1.5717450427490827e-5
111.0	9.095797285933426e-6
112.0	1.0236624334986652e-5
113.0	1.7737799652346682e-5
114.0	1.7601053410337923e-5
115.0	1.7182672777526055e-5
116.0	1.0588859212107833e-5
117.0	9.796286489934497e-6
118.0	1.0011913903684824e-5
119.0	6.032232382997972e-6
120.0	5.833011098056275e-6
121.0	6.550391483214723e-6
122.0	1.0000000000000002
123.0	0.10052818738967421
124.0	0.058066190375121354
125.0	0.01800306776479927
126.0	0.010079510191536786
127.0	0.0019172636112684469
128.0	0.0017245372135676913
129.0	0.0006825651588982708
130.0	0.0004218470432932837
131.0	0.00020380859376953713
132.0	6.718228553513034e-5
133.0	0.0699231766597431
134.0	0.16314963739005348
135.0	0.07406150784610997
136.0	0.013107993324676624
137.0	0.013355184126527808
138.0	0.0017932741323857893
139.0	0.0012869750020472117
140.0	0.0006793973998459422
141.0	0.00031619983680772703
142.0	0.00022617616743315873
143.0	0.00018545318520639295
144.0	0.013457079740405347
145.0	0.036568575317979024
146.0	0.019372920178262035
147.0	0.007368622109666383
148.0	0.0040665755522145824
149.0	0.0023463064563594266
150.0	0.0007894929085482511
151.0	0.0005020634878633576
152.0	0.000570968950838465
153.0	0.00015478780503729977
154.0	0.00012226851656000753
155.0	0.0021274287700416925
156.0	0.00904952198757674
157.0	0.013756620366454581
158.0	0.009636799435267395
159.0	0.0018294319609282106
160.0	0.001262032748905879
161.0	0.001304044071497152
162.0	0.0005454893378224071
164.0	0.0002448886920601205
165.0	0.0001578058950299825
166.0	0.0007340056504607896
167.0	0.0014038726907609515
168.0	0.0024097174350971745
169.0	0.0026418374940234248
170.0	0.0017395034375551394
171.0	0.001157481300788212
172.0	0.0005339421694649677
173.0	0.00037589880789240266
174.0	0.00030373210445065323
175.0	0.00026053650281911833
176.0	7.787204857780729e-5
177.0	0.0009414941503079729
178.0	0.0015519711008166732
179.0	0.0011357285569725622
180.0	0.0009997419355912236
181.0	0.0005881643949362369
182.0	0.0004722889352455673
183.0	0.00035135679627138047
184.0	0.00018676174671334046
185.0	0.00022729518329248977
186.0	0.0001334002411812533
187.0	6.585714136652712e-5
188.0	0.00015355919682047864
189.0	0.0003212647496533536
190.0	0.0004630928559149974
191.0	0.00044178992331157536
192.0	0.0004634774398554392
193.0	0.0004088314178571956
194.0	0.0002995664099196124
195.0	0.00017658192474027845
196.0	0.00016525331309456029
197.0	0.00021085357358837772
198.0	6.221108570213607e-5
199.0	7.169440961364875e-5
200.0	0.00048003516478421575
201.0	0.00021634125586813966
202.0	0.0003082384589972848
203.0	0.00015371788513995376
204.0	0.00021639464213032273
205.0	0.0002248483063454564
206.0	0.00016670872317554715
207.0	0.00011188193668769828
208.0	0.00013356436579708115
209.0	3.990670792294621e-5
210.0	9.116908293716222e-5
211.0	7.669642893762947e-5
212.0	0.00013969708423838828
213.0	0.00020492430964654058
214.0	0.00017512403757673084
215.0	8.258315252766085e-5
216.0	7.393995953315998e-5
217.0	6.833285147132518e-5
218.0	5.9472320610685274e-5
219.0	5.104495927809917e-5
220.0	0.00012118045536806555
221.0	9.502217932927457e-5
222.0	0.00014122951195723316
223.0	7.458192138515645e-5
224.0	9.625829189419105e-5
225.0	0.0001928945512597661
226.0	0.00011881312616601556
227.0	6.0040406947174425e-5
228.0	5.585229158897957e-5
229.0	0.0001153815617604141
230.0	6.12225749175347e-5
231.0	3.114078456894473e-5
232.0	2.1041906448865045e-5
233.0	8.982289562741537e-5
234.0	3.258881183807744e-5
235.0	4.160407756903939e-5
236.0	3.713962996044694e-5
237.0	6.864182939470623e-5
238.0	3.85616295192209e-5
239.0	2.4855571756151788e-5
240.0	1.6790510420809883e-5
241.0	2.0694433300189964e-5
242.0	2.3598432605311078e-5
243.0	0.07899856384693164
244.0	0.08123049875524674
245.0	0.012759572381502077
246.0	0.012756922823753503
247.0	0.008407784327108002
248.0	0.0032795188237440833
249.0	0.0008892447837294297
250.0	0.0012699269908251793
251.0	0.0001855720862275944
252.0	0.00013904888159294642
253.0	0.00010314486642894015
254.0	0.10431410182434006
255.0	0.08478593319425796
256.0	0.01616573204865401
257.0	0.008232481344910919
258.0	0.011055494224163928
259.0	0.001970330845679108
260.0	0.0018524012698399948
261.0	0.0011519124100076487
262.0	0.0007710536218419338
263.0	0.0005759202339549814
264.0	0.000263960212475458
265.0	0.01308846494067151
266.0	0.01980287694811591
267.0	0.00895917047395851
268.0	0.008132809293021308
269.0	0.0031051194349986685
271.0	0.000682962760973812
272.0	0.0009899962604033917
273.0	0.0007461233440329774
274.0	0.0002372585524770696
275.0	0.00027926310650952193
276.0	0.005033075865774359
277.0	0.006991090541009811
278.0	0.006989916691293594
279.0	0.0020148920287645505
280.0	0.0015995777302466477
281.0	0.0023202314468110862
282.0	0.00046356487220316583
283.0	0.00035387204768010794
284.0	0.00031254606238669485
285.0	0.00024081091921950845
286.0	0.00020416286437226238
287.0	0.0015289288006401134
288.0	0.002011615360699186
289.0	0.001370950179567223
290.0	0.0026481339265107696
291.0	0.0014163366138397356
292.0	0.0015988731838015948
293.0	0.0008884346189276784
294.0	0.00028344180930485604
295.0	0.0003263943025703429
296.0	0.00025344102333329176
297.0	0.00018099254733568496
298.0	0.0009240924170942518
299.0	0.0014027542643883953
300.0	0.001962480346877125
301.0	0.0008940317562084027
302.0	0.0005537608735464864
303.0	0.00041634407113531343
304.0	0.0002543792772589461
305.0	0.0004656707810647039
306.0	0.00013681525410837647
307.0	0.00029079179161700967
308.0	0.00011192555286075218
309.0	0.0003077666044472605
310.0	0.0002763750748173156
311.0	0.0007589533563189506
312.0	0.0003645391307599127
313.0	0.0004410053082248281
314.0	0.00045579022513778436
315.0	0.00018208516057166557
316.0	0.00013757414171236047
317.0	0.000120408767431836
318.0	0.00016972214451317419
319.0	4.964456876213483e-5
320.0	0.0002604822071552936
321.0	0.0002019097676000502
322.0	0.00024630507622390457
323.0	0.0002478043286772053
324.0	0.00024580379216464964
325.0	0.00019846911950248983
326.0	0.00013967207644526616
327.0	0.00010264694152919707
328.0	0.00014172594921366697
329.0	7.180627856760294e-5
330.0	4.366745438865595e-5
331.0	6.940895642235062e-5
332.0	0.00012164348502055406
333.0	0.00017066833930265456
334.0	0.0001505541314434226
335.0	0.00010580013512159197
336.0	0.0001818203488170652
337.0	0.00012135287159594136
338.0	8.201489704083047e-5
339.0	8.83860383168735e-5
340.0	0.0001326244189105245
341.0	3.334021783248773e-5
342.0	6.097487262979063e-5
343.0	0.00010660590795539563
344.0	0.00012053202388979797
345.0	0.00010285402521251685
346.0	0.00023721600739713689
347.0	0.0001115009948415052
348.0	6.838548550008816e-5
349.0	5.9036848686391334e-5
350.0	5.29753251454683e-5
351.0	8.946925625412787e-5
352.0	3.389999190458854e-5
353.0	6.474073084011773e-5
354.0	0.00011373653611516974
355.0	0.0001217905127114611
356.0	0.00011013096744354302
357.0	4.780154757346061e-5
358.0	0.0001052022002344507
359.0	3.537425065518251e-5
360.0	4.5492190729705695e-5
361.0	3.510885111744209e-5
362.0	0.00011158486997861353
363.0	1.9141874047620676e-5
364.0	0.01272940183950318
365.0	0.018552517951127133
366.0	0.018420507555641043
367.0	0.005805560647576233
368.0	0.004692581100111672
369.0	0.0009642753407951578
370.0	0.0012821189276634093
371.0	0.00040228780785914425
372.0	0.0002125003569653009
373.0	0.00011870036045458122
374.0	0.00010563159972932972
375.0	0.013686512407211339
376.0	0.017368211217230676
377.0	0.018595257954017445
378.0	0.01211433105132916
380.0	0.0021886715299456717
381.0	0.0014389302210250949
382.0	0.0010558814926135895
383.0	0.0006466400806901994
384.0	0.000501167859462598
385.0	0.0002648735166956573
386.0	0.008074062699986022
387.0	0.023082250758990074
388.0	0.005371530884451159
389.0	0.005124790326703717
390.0	0.001644298498224595
391.0	0.0009671299669821551
392.0	0.0005064402588064332
393.0	0.0008243037558048307
394.0	0.0002430779361603647
395.0	0.00026305120249799703
396.0	0.0001207372535732638
397.0	0.002305666170708163
398.0	0.0043117605712008535
399.0	0.0041381569033040605
400.0	0.0015514490537489464
401.0	0.0012168673531723756
402.0	0.000625316369414809
403.0	0.000578886687601101
404.0	0.000985724083255899
405.0	0.00036236142335043024
406.0	0.000266299115201029
407.0	0.00015724270149628918
408.0	0.0010152958439618087
409.0	0.0016991818782616898
410.0	0.0009879764260296987
411.0	0.0009164533794282581
412.0	0.001062697813479182
413.0	0.0014882233565811506
414.0	0.0008636688798942608
415.0	0.0006121839517048833
416.0	0.00020896912032175862
417.0	0.00015112313135932267
418.0	0.00016400706568491845
419.0	0.00035261434918186133
420.0	0.001551430421311116
421.0	0.0008691692261242529
422.0	0.0009162535471398561
423.0	0.0006632346973044378
424.0	0.0002981502486081544
425.0	0.0007141196668755988
426.0	0.00019039561965422935
427.0	0.00022753232999054925
428.0	0.00019399368070616724
429.0	0.000284548475370258
430.0	0.00018321533296798245
431.0	0.0016600261860660957
432.0	0.0003379323917186712
433.0	0.00039120641997540223
434.0	0.00030518313707898623
435.0	0.0005101310835386199
436.0	0.00015827198897378473
437.0	0.00045940072096889114
438.0	0.00012795905761055833
439.0	9.485188634578322e-5
440.0	0.00023727332622701922
441.0	0.0001339761817493618
442.0	0.00032278104202039905
443.0	0.00022636426540473216
444.0	0.0002142136371215002
445.0	0.00025890636440808096
446.0	0.00015841877375802829
447.0	0.00023283510151626236
448.0	0.00015322192502116206
449.0	0.00013148414386345724
450.0	0.0001117549577359569
451.0	4.518664254752167e-5
452.0	6.88629570308256e-5
453.0	0.00024634333944767873
454.0	0.00021357399444270342
455.0	0.00013321708731457168
456.0	0.00012682619541517484
457.0	9.503257939954103e-5
458.0	9.304198839297358e-5
459.0	0.00010884003041073511
460.0	0.0002386655294019959
461.0	5.376649809727687e-5
462.0	4.015063970708203e-5
463.0	8.486364243702962e-5
464.0	0.00013753862260073554
465.0	0.00010954916253078846
466.0	8.713797395751149e-5
467.0	9.388895717973245e-5
468.0	0.00013818544424791732
469.0	8.53704409908773e-5
470.0	8.39298906205339e-5
471.0	0.00021725308030326243
472.0	0.000111052864596734
473.0	4.162806284449471e-5
474.0	3.969367426503995e-5
475.0	0.00021517437600737017
476.0	0.00010449214991757308
477.0	0.00017206694817339913
478.0	0.00024885755885472124
479.0	7.264083002212022e-5
480.0	6.403467096628549e-5
481.0	8.02280863414472e-5
482.0	3.8822270392043786e-5
483.0	2.6002383899398903e-5
484.0	2.592966132512343e-5
485.0	0.007552369232241267
486.0	0.010861920633597703
487.0	0.002659204756191412
488.0	0.00326431842580827
489.0	0.0009125864268837958
490.0	0.0009656923743340232
491.0	0.0010595361405898928
492.0	0.0010960016662706889
493.0	0.00023591418266663477
494.0	0.0001457191173918082
495.0	0.00012450256315730193
496.0	0.006855883810654351
497.0	0.00417426032017503
498.0	0.004458529397879524
499.0	0.002901841214954631
500.0	0.001978923305304163
501.0	0.0013249670280516687
502.0	0.0007957779592623437
503.0	0.00044803462075451283
504.0	0.00045254783549206456
505.0	0.00048042771376121144
506.0	0.00011438752603115055
507.0	0.0021460313407841948
508.0	0.007085807051041404
509.0	0.009909611171646406
510.0	0.002003894622160304
511.0	0.0013300088164395877
512.0	0.00100043178182003
513.0	0.0009610666056400906
514.0	0.000338405063385405
515.0	0.00021264661725805962
516.0	0.0002677884273411712
517.0	0.00015079969350092424
518.0	0.0015355807968406238
519.0	0.0019188385735735124
520.0	0.0019632580593597114
521.0	0.001697696307021765
522.0	0.0009904911836737529
523.0	0.0006196007886158588
524.0	0.0009132586534154024
525.0	0.0007016170056543322
526.0	0.0005106554200087228
527.0	0.00014953317585790504
528.0	0.00016272248234383067
529.0	0.0010909826021262775
530.0	0.0012021460038119727
531.0	0.0017131734812776591
532.0	0.0007582699343831611
533.0	0.0007295490318722032
534.0	0.0005762911493654577
535.0	0.0003722982963403306
536.0	0.000518892823503513
537.0	0.00047433549194299545
538.0	0.0003460057896537287
539.0	7.819770247940427e-5
540.0	0.0005824651103301561
541.0	0.000764052945867316
542.0	0.0006734620192220742
543.0	0.0010859397934812186
544.0	0.0003899084676269795
545.0	0.00031419269638427585
546.0	0.00032939888459570415
547.0	0.0003138188049371818
548.0	0.0004129889727943692
549.0	0.0001291271994592219
550.0	8.66667340380568e-5
551.0	0.0007906722880622173
552.0	0.0005584646450566368
553.0	0.0007799178620140289
554.0	0.00039525945344312784
555.0	0.00036513884215948656
556.0	0.0003257522152028884
557.0	0.00016827775664935628
558.0	0.0001874607765756523
559.0	0.00045406349001872427
560.0	0.00022351564823334244
561.0	0.00017868467478655272
562.0	9.91387398124285e-5
563.0	0.00019229585019693807
564.0	0.0003271118734466909
565.0	0.00025990906685978746
566.0	0.00021439384246184053
567.0	0.00030192189500590795
568.0	0.00030210372618751693
569.0	7.947407192678167e-5
570.0	0.00013088909821330132
571.0	8.057107488139305e-5
572.0	4.2443740515059706e-5
573.0	9.923013220359888e-5
574.0	0.000285664447253323
576.0	0.0002734682932611018
577.0	0.00012930777200617833
578.0	0.00020976640751862636
579.0	0.0001311924570803066
580.0	0.0004175494987439063
581.0	5.3844957118554966e-5
582.0	0.00010154041037955398
583.0	8.471961449140469e-5
584.0	0.00019991189780008822
585.0	0.0001631991633417189
586.0	0.0001448203322472644
587.0	0.00012333488443037319
588.0	8.71720765785787e-5
589.0	0.00011464774585500532
590.0	0.00023580517303806606
591.0	5.231179756963881e-5
592.0	6.335617132484723e-5
593.0	4.543361978023757e-5
594.0	4.624731083003014e-5
595.0	5.0926819423087665e-5
596.0	0.0001268547309774111
597.0	0.00021125233178618082
598.0	6.417338638150043e-5
599.0	5.8147642577241285e-5
600.0	0.00028708707074828093
601.0	8.431362532209405e-5
602.0	7.529271687399788e-5
603.0	5.6884827238307734e-5
604.0	4.7244049484562075e-5
605.0	2.0177400767399823e-5
606.0	0.0016484460954374613
607.0	0.0029450382663384054
608.0	0.003914580923161739
609.0	0.002203793180397535
610.0	0.0008056394772536949
611.0	0.0009445963198275607
612.0	0.00027514788574349206
613.0	0.0005166398074203401
614.0	0.0008734214921992597
615.0	0.0001915632232675064
616.0	6.842745396486605e-5
617.0	0.0044951992014542
618.0	0.005486042319110164
619.0	0.002440889870898728
620.0	0.0022358715426931248
621.0	0.0012656821100285414
622.0	0.0006298212466518212
623.0	0.0018908747463733035
624.0	0.0003330161054142524
625.0	0.0002106541010598696
626.0	0.0001898926648982863
627.0	0.00011754588191276273
628.0	0.0012965352872145771
629.0	0.002200223773074345
630.0	0.0018349085900849459
631.0	0.001498930296845305
632.0	0.0008447298655736344
633.0	0.0008273905227735479
634.0	0.0006004297942126404
635.0	0.0002563977249059599
636.0	0.00018947270180803762
637.0	0.00022404677359905373
638.0	0.00015317763705107842
639.0	0.0008292897050593866
640.0	0.0016963783793645668
641.0	0.0010294011761598513
642.0	0.002928943631607901
643.0	0.0009723632783783814
644.0	0.0009312472071388797
645.0	0.0002724460745656313
646.0	0.0004013349171765074
647.0	0.00017475040040089204
648.0	0.00038204526845970555
649.0	0.00012425406486307484
650.0	0.0006065256598082099
651.0	0.0010800983607348956
652.0	0.0007595540455235414
653.0	0.0007791999597772968
654.0	0.0006162505037587665
655.0	0.00035517315105479
656.0	0.0002979863303441706
657.0	0.0002008894506769696
658.0	0.00026817154908783904
659.0	0.0002439853200551745
660.0	8.671245441116013e-5
661.0	0.0005192480681022497
662.0	0.0009053864511224241
663.0	0.0009212842129933282
664.0	0.0005754085486962456
665.0	0.00027049497502564933
666.0	0.00040289729706725804
667.0	0.000455614186108898
668.0	0.0010212080883000192
669.0	0.00015976918604939622
670.0	0.00022864784188199615
671.0	6.982358169466868e-5
672.0	0.0002707197892431431
673.0	0.00028142698230601787
674.0	0.0006764376910717232
675.0	0.00031472261987841127
676.0	0.00038614862892666206
677.0	0.00034028899243819223
678.0	0.00015326157211053873
679.0	0.00011981516834374052
680.0	0.00024131699370959773
681.0	0.00012178025940738348
682.0	5.0732178662793566e-5
683.0	0.0001382371366020869
684.0	0.00017564817837403154
685.0	0.00040139730807264596
686.0	0.00024413236695541363
687.0	0.00018631885372114362
688.0	0.00011858859260430011
689.0	0.00011335092896865466
690.0	0.00019830669486921076
691.0	0.00017619001630282715
693.0	0.00012152513211013232
694.0	0.00018017250759688923
695.0	0.0001585292589015292
696.0	0.00024719468186446474
697.0	0.00011817332558022108
698.0	0.00012725199072615413
699.0	0.00015609950457713088
700.0	0.0001769651241684248
701.0	0.00016397558739835388
702.0	5.156606768128514e-5
703.0	5.581605396447597e-5
704.0	7.718570958317367e-5
705.0	8.728765369598701e-5
706.0	0.00012509668192420002
707.0	0.00015703703963019418
708.0	0.00022236078677253932
709.0	0.0001465679804361373
710.0	0.00037114019641569946
711.0	9.81637664741861e-5
712.0	0.00015096953328650823
713.0	5.482631957484363e-5
714.0	7.169691923960529e-5
715.0	3.5235345702286436e-5
716.0	6.006442387529091e-5
717.0	0.00012143023299025718
718.0	5.408229221217729e-5
719.0	0.00010197235863306
720.0	0.0001404761532438306
721.0	5.4844342940166945e-5
722.0	4.2220455906896496e-5
723.0	4.2950497478001136e-5
724.0	4.154914939741353e-5
725.0	6.41066852098213e-5
726.0	4.659836247067905e-5
727.0	0.0006806546066688554
728.0	0.001259838030659327
729.0	0.002240084738943081
730.0	0.0009198682021992237
731.0	0.0007563817572792004
732.0	0.0014604728086294592
733.0	0.00019668922177171612
734.0	0.0004031463122142115
735.0	0.00020886647590106065
736.0	9.433051342770504e-5
737.0	9.613147495814526e-5
738.0	0.001797686789176083
739.0	0.001785833083149073
740.0	0.0016964619345736698
741.0	0.0009654043807050713
742.0	0.0007946243315685442
743.0	0.0004915478060469374
744.0	0.0004637113960352129
745.0	0.000879092990909172
746.0	0.00018905774949911047
747.0	0.00013225609049235935
748.0	9.392976464339233e-5
749.0	0.0008994008250166327
750.0	0.0024412683228387565
751.0	0.0025933481861362424
752.0	0.0007664439098528533
753.0	0.0009856724872319828
754.0	0.0006901004273112671
755.0	0.0004664278215199581
756.0	0.00019336982994345314
757.0	0.0001548791958625217
758.0	0.00016058241940513377
759.0	0.0001277956022790137
760.0	0.0005918123954109748
761.0	0.0016483998317590384
762.0	0.0007811498538768681
763.0	0.0006567884508519339
764.0	0.0010151048432862518
765.0	0.0004923327839880442
766.0	0.0002432109656969255
767.0	0.00015980750065015958
768.0	0.00044531705045082205
769.0	0.00013414651729355245
770.0	0.00011556512717925906
771.0	0.0004321809119449579
772.0	0.0007962706360459729
773.0	0.0005940570837366402
774.0	0.0004982981779259748
775.0	0.0003692870526989392
776.0	0.00032408420081011396
777.0	0.000262759606015767
778.0	0.0004147415819189365
779.0	0.00014296622217682475
780.0	0.00014572254175929981
781.0	0.00014748294350619035
782.0	0.00035472551364045077
783.0	0.0005053413327694455
784.0	0.00035718075372817706
785.0	0.0003024835424288423
786.0	0.00024344718823894018
787.0	0.00022555796261015766
788.0	0.00040632133842141146
789.0	0.0001516393070455954
790.0	0.00023441790932990155
791.0	9.364605493405893e-5
792.0	5.8297155492079466e-5
793.0	0.0002122149122297329
794.0	0.00031964906756740445
795.0	0.00022512911766676887
796.0	0.000198447858077617
797.0	0.00030748229610020694
798.0	0.00015105864620569865
799.0	0.0006034268397575254
800.0	0.0005301417107350212
801.0	0.00018050415044319
802.0	8.122621098694193e-5
803.0	4.8624338716702046e-5
804.0	0.0001992426502946368
805.0	0.00020064528933216982
806.0	0.00025155999755676586
807.0	0.000200586024218123
808.0	0.00016706564481001535
809.0	0.00019086826947035355
810.0	0.0001057786153846588
811.0	0.00025742668830312077
812.0	7.396620807678703e-5
813.0	6.10831770533274e-5
814.0	5.946818494359305e-5
815.0	8.538298934116931e-5
816.0	0.0001280924924725802
817.0	0.00015014877551900875
818.0	0.00015706415490220836
819.0	0.00012481721933694614
820.0	9.989490406522628e-5
821.0	8.367439812769105e-5
822.0	6.894382303047313e-5
823.0	5.2845194423081645e-5
824.0	8.50461388845335e-5
825.0	3.795452466635062e-5
826.0	0.00017336181738647892
827.0	0.00010665018518707523
828.0	0.0002213113242426896
829.0	0.00014120738287040052
830.0	9.007373248304726e-5
831.0	0.00025856552558860713
832.0	6.814237775577093e-5
834.0	7.433207590736074e-5
835.0	5.589757964632223e-5
836.0	4.176198820013287e-5
837.0	3.622543428795993e-5
838.0	6.875304880825964e-5
839.0	0.00013834193697027185
840.0	6.0706582272603476e-5
841.0	6.98270465952475e-5
842.0	8.460774055877451e-5
843.0	0.00017876514803447278
844.0	4.420173228324619e-5
845.0	3.9068363121962525e-5
846.0	2.9404398034405205e-5
847.0	6.521317386756289e-5
848.0	0.0006208665396125251
849.0	0.0007808011751114283
850.0	0.0005613159508849636
851.0	0.0004978169598179618
852.0	0.0007875600978898855
853.0	0.0006893164772719994
854.0	0.0005810253812634029
855.0	0.00016152082389340376
856.0	9.132800826312452e-5
857.0	7.326630273519446e-5
858.0	3.546498877142661e-5
859.0	0.0008065239248233841
860.0	0.001693325875307222
861.0	0.0007234535406244753
862.0	0.0008013238465632118
863.0	0.0005564901140678647
864.0	0.0004350947107503689
865.0	0.00031209848003773956
866.0	0.0003496814332783483
867.0	0.00022129215597150974
868.0	0.000246165095348286
869.0	6.896057703364671e-5
870.0	0.0007296862975901772
871.0	0.0005604544097822711
872.0	0.0020440337181882938
873.0	0.000716003359546004
874.0	0.0005222804913408081
875.0	0.0003485421556021149
876.0	0.0003002217347391176
877.0	0.0004366195030726657
878.0	0.00012677642516816664
879.0	7.845051026969482e-5
880.0	0.00013017558478943588
881.0	0.000793901592129824
882.0	0.0005419561013587867
883.0	0.0018210518710044888
884.0	0.0006256371819663197
885.0	0.0007161873060195849
886.0	0.0003947968773685938
887.0	0.00043699239062545666
888.0	0.00017217061384975504
889.0	0.00014463439484213873
890.0	0.0001125369202952469
891.0	5.704838708421188e-5
892.0	0.0004653990151655702
893.0	0.0013957187121022181
894.0	0.00036843079541961884
895.0	0.00037598869814814667
896.0	0.00039171681794221186
897.0	0.0003600716837245233
898.0	0.00028696943079426217
899.0	0.00014655365773538518
900.0	0.0002542455376739531
901.0	0.00023759371256724387
902.0	5.378793729649823e-5
903.0	0.0006826746953151908
904.0	0.0003570315718517021
905.0	0.000291108622292749
907.0	0.000261246883763518
908.0	0.0007575169451941551
909.0	0.0001556584063494355
910.0	0.00012270264171763208
911.0	0.00012997284621610617
912.0	8.431725496758379e-5
913.0	3.8051470292913254e-5
914.0	0.00017513479993739193
915.0	0.00039571792303113885
916.0	0.00039984182374958375
917.0	0.0003604650787337822
918.0	0.00023634290902010822
919.0	0.0002658984803837447
920.0	0.00017183595224296708
921.0	0.0003595481914682906
922.0	8.59075131575055e-5
923.0	8.251163553303712e-5
924.0	4.993592072765726e-5
925.0	0.00017313361063087067
926.0	0.0001635951259443844
927.0	0.00039671067217185224
928.0	0.000306385633147422
929.0	0.00013263465771458445
930.0	0.0002246293402174362
931.0	0.0001861225097036413
932.0	0.0001368545550407157
933.0	7.321016352569227e-5
934.0	4.930913982256543e-5
935.0	3.2453399338757885e-5
936.0	0.0001062605137743133
937.0	0.0001162150686364341
938.0	0.00016560963063632644
939.0	0.000228813246133205
940.0	0.0002059211725159699
941.0	0.00010691530639234402
942.0	0.0001702156125961436
943.0	5.34884112811712e-5
944.0	7.392236231188934e-5
945.0	3.762681454129047e-5
946.0	5.89594854669861e-5
947.0	0.0001621267897016902
948.0	0.00012525428052146965
949.0	8.88863320914389e-5
950.0	8.711399257644835e-5
951.0	0.00012910733732367707
952.0	8.41691974128264e-5
953.0	0.00015635732234253847
954.0	6.614921035397291e-5
955.0	3.939787571109746e-5
956.0	5.6616792423179606e-5
957.0	3.678223186625826e-5
958.0	2.3020193523342594e-5
959.0	6.479899605179848e-5
960.0	4.8459267564680025e-5
961.0	4.773487979533711e-5
962.0	0.00010647008528065243
963.0	6.169763546118364e-5
964.0	2.8646940826177845e-5
965.0	4.037818070370704e-5
966.0	3.2736949485917386e-5
967.0	5.2842351900930575e-5
968.0	1.4649714172147559e-5
969.0	0.00015611497389375931
970.0	0.00022035032395121732
971.0	0.00034384193106077595
972.0	0.00035779401664645584
973.0	0.0005628329225243694
974.0	0.0003420318190090524
975.0	0.00019030354913692453
976.0	0.00023017972760516468
977.0	0.00012230038091098197
978.0	0.00011637748368167914
979.0	2.3490917810886967e-5
980.0	0.0005192531219643417
981.0	0.0008851749333927817
982.0	0.0009441834164663722
983.0	0.0005430146662153637
984.0	0.0004086192857071198
985.0	0.00032721687141799925
986.0	0.0002419100360237422
987.0	0.00023099101082813664
988.0	0.00011110420236670302
989.0	5.797649942855704e-5
990.0	3.6763833054620946e-5
991.0	0.00025387294619935724
992.0	0.0004061580817101917
993.0	0.0004832966933755098
994.0	0.0005879197385287216
995.0	0.000535774737490893
996.0	0.000598445712749189
997.0	0.00045446595933356575
998.0	0.000156652563774164
999.0	0.00015897418217711572
1000.0	0.000145333681297687
1001.0	5.741698463915664e-5
1002.0	0.0004020220851532106
1003.0	0.0005386480604556645
1004.0	0.0004234616727072221
1005.0	0.0014327182011826267
1006.0	0.0005084396028904466
1007.0	0.0005973651535006553
1008.0	0.0002738085597540103
1009.0	0.00021847057368387394
1010.0	0.000286076063821241
1011.0	5.6264919225518615e-5
1012.0	6.917148930924257e-5
1013.0	0.0002393956567465591
1014.0	0.0003521300938736262
1015.0	0.000470901573089197
1016.0	0.0006146215733135085
1017.0	0.0010795428887736764
1018.0	0.0002928868245471274
1020.0	0.00022578418463823553
1021.0	8.2894463623392e-5
1022.0	6.568007178482167e-5
1023.0	5.458946211583205e-5
1024.0	0.0005879818002139345
1025.0	0.00046370287547949123
1026.0	0.0003600067874296127
1027.0	0.00036181514880886294
1028.0	0.0005379583486293979
1029.0	0.00028985969843492345
1030.0	0.00027707490696774893
1031.0	0.00010474899208383288
1032.0	0.00022894625579569425
1033.0	8.662744389146228e-5
1034.0	2.8872738143388573e-5
1035.0	0.0002703771271183166
1036.0	0.0002549730248677076
1037.0	0.0006092016188311789
1038.0	0.0005144137105199331
1039.0	0.00021144764693938517
1040.0	0.00015552178035800564
1041.0	0.0002792425810328163
1042.0	0.00012457962200161185
1043.0	5.0809358530626426e-5
1044.0	4.1787632005839507e-5
1045.0	3.073283859208934e-5
1046.0	0.00015862848958786248
1047.0	0.00020253196902699668
1048.0	0.00032313927174973026
1049.0	0.00020911495315244515
1050.0	0.00020608557954068457
1051.0	0.00027929062898501513
1052.0	0.00021844710703672215
1053.0	7.178826617473424e-5
1054.0	4.1068961259438395e-5
1055.0	4.998132221016923e-5
1056.0	2.377526537569609e-5
1057.0	8.540510739563051e-5
1058.0	0.0002863188599985155
1059.0	0.0001686746177399217
1060.0	0.00012139558731056426
1061.0	9.68478412932167e-5
1062.0	0.00010827827455255419
1063.0	7.924931279098509e-5
1064.0	0.00011738694342764584
1065.0	4.117914155400062e-5
1066.0	5.4919002601286354e-5
1067.0	2.6994687605549612e-5
1068.0	3.8343610332060386e-5
1069.0	8.475715661961852e-5
1070.0	8.286374851475991e-5
1071.0	8.552639486405826e-5
1072.0	0.00010569295317216926
1073.0	0.00011361277200708049
1074.0	7.734298398324687e-5
1075.0	4.955583493769097e-5
1076.0	6.693353330394182e-5
1077.0	3.0572044335186175e-5
1078.0	3.5493210637407826e-5
1079.0	2.033515888215574e-5
1080.0	5.624533154000804e-5
1081.0	4.914759540162643e-5
1082.0	7.105048214145365e-5
1083.0	4.116149663424151e-5
1084.0	5.6309024205875943e-5
1085.0	4.225420537885694e-5
1086.0	3.3590764062950796e-5
1087.0	2.9362320548684314e-5
1088.0	1.9342403194186994e-5
1089.0	8.3840498298814e-6
1090.0	5.558311297220929e-5
1091.0	0.00010172940062630576
1092.0	0.00018199305328477945
1093.0	0.00031288447918143583
1094.0	0.0001953041827084483
1095.0	0.00029847534541899303
1096.0	0.00013851715625047003
1097.0	0.0002066774616554549
1098.0	6.514034196672777e-5
1099.0	2.709426321972561e-5
1100.0	6.077063604620943e-6
1101.0	8.472868829623077e-5
1102.0	0.00014378572416762474
1103.0	0.0002592066334890577
1104.0	0.00033339240305784443
1105.0	0.00025055967306857236
1106.0	0.0003137461026497379
1107.0	0.0005356138382740834
1108.0	0.0002235101886306512
1109.0	0.000109242088693765
1110.0	6.47577306107212e-5
1111.0	1.1489507251667598e-5
1112.0	0.00025167341859460765
1113.0	0.00020435975049098445
1114.0	0.0003392495467340799
1115.0	0.00038682539645275055
1116.0	0.00033339079893149293
1117.0	0.00025174501469579595
1118.0	0.0001914492179764136
1119.0	0.00019340896360655317
1120.0	0.00015285748464999462
1121.0	4.2969903502091334e-5
1122.0	1.809997934062153e-5
1123.0	0.00017286441666435949
1124.0	0.00021486357480097372
1125.0	0.00021621670982144956
1126.0	0.00027494026963129385
1127.0	0.0004881596481073362
1128.0	0.00043314732453028046
1129.0	0.0001713062226254189
1130.0	0.0002540347056880923
1131.0	6.904900917587574e-5
1132.0	4.1719585678815584e-5
1133.0	1.3891079380247334e-5
1134.0	0.00040874004819287503
1135.0	0.00021745344334808312
1136.0	0.0003893877410150544
1137.0	0.0002485374387018114
1138.0	0.00014881176113889567
1139.0	0.00018238251053870656
1140.0	0.00040861361635966665
1141.0	0.0001604360568279244
1142.0	7.846493947594967e-5
1143.0	6.369509775793012e-5
1144.0	2.441562108583704e-5
1145.0	0.00010742974822634036
1146.0	0.0005598823879441412
1147.0	0.0004787189433962136
1148.0	0.0005538673256352867
1149.0	0.00016255280721441158
1150.0	0.00011199161162102323
1151.0	0.0001264511997164443
1152.0	9.71712779458349e-5
1153.0	8.044137704667047e-5
1154.0	7.877646843515749e-5
1155.0	9.01843731675105e-6
1156.0	0.0001959844791625658
1157.0	0.00014969900534371385
1158.0	0.0001949591206624201
1159.0	0.00019351245741986356
1160.0	0.00016524449768978705
1161.0	0.0001251008077245598
1162.0	6.986474361588098e-5
1163.0	6.783421622610911e-5
1164.0	5.408285351080168e-5
1165.0	2.46472536274805e-5
1166.0	1.2168655353033166e-5
1167.0	8.874889347757688e-5
1168.0	0.00016886455161026063
1169.0	9.206651975063536e-5
1170.0	0.00014618630044207465
1171.0	0.0001593285740682465
1172.0	9.600889645149739e-5
1173.0	5.971730942748329e-5
1174.0	6.723841049839745e-5
1175.0	2.8710138532344753e-5
1176.0	2.350349052592029e-5
1177.0	6.724319644564025e-6
1178.0	0.00010114755675347888
1179.0	7.100267393119288e-5
1180.0	6.344856496997126e-5
1181.0	6.499216728314821e-5
1182.0	0.00010568587714226888
1183.0	9.482195891102031e-5
1184.0	5.6184488016200946e-5
1185.0	3.064543761861542e-5
1186.0	2.8335194932033984e-5
1187.0	2.188058973693257e-5
1188.0	9.159905049902076e-6
1189.0	4.66697850848525e-5
1190.0	3.8258022485219956e-5
1191.0	0.00011533189572654931
1192.0	5.12442614261999e-5
1193.0	6.27526645988486e-5
1194.0	4.51449330514199e-5
1195.0	5.720591333734731e-5
1196.0	3.799858193838378e-5
1197.0	2.5604991434946385e-5
1198.0	2.3392939890908164e-5
1199.0	4.969400877762776e-6
1200.0	1.627943010794474e-5
1201.0	1.5694041821085043e-5
1202.0	2.6077214243487905e-5
1203.0	4.323052479070892e-5
1204.0	5.561885940609846e-5
1205.0	3.0207097314252445e-5
1206.0	2.7420030488123827e-5
1207.0	2.145944412311097e-5
1208.0	1.6397650726507362e-5
1209.0	1.0080288121083088e-5
1210.0	2.304241667800755e-6
