1.0	0.11682875679442244
2.0	1.0000000000000002
3.0	0.0667674460995389
4.0	0.013248350161969435
5.0	0.0030228000647297645
6.0	0.0014445445625626207
7.0	0.0006408283143955924
8.0	0.0005517760658043748
9.0	0.00014701998674936854
10.0	7.577421218691407e-5
11.0	1.5298065864096673e-5
12.0	0.9999999999999998
13.0	0.1858469456298327
14.0	0.1191396931585518
15.0	0.01401314958216804
16.0	0.0033936182565674445
17.0	0.0012989227642234754
18.0	0.0008280051766984377
19.0	0.0005262549189199166
20.0	0.00026725690956154024
21.0	0.00022399940959074547
22.0	6.364385300592566e-5
23.0	0.060109661408211154
24.0	0.11783260714907909
25.0	0.01785243152787556
26.0	0.02755975301252873
27.0	0.0020497542073352314
28.0	0.0018441998152657737
29.0	0.0012377535571694142
30.0	0.0002613286965808326
31.0	0.0003173016618998432
32.0	0.00012329315555916566
33.0	8.729310446002644e-5
34.0	0.00848883005283322
35.0	0.010695262844325825
36.0	0.018185363307586872
37.0	0.0025741296609015853
38.0	0.0016991479228197035
39.0	0.0007612966014261374
40.0	0.0005055783829007037
41.0	0.0003441838246600528
42.0	0.00020711085752125264
43.0	0.00025548668794562015
44.0	0.000106890723868539
45.0	0.002225983035809319
46.0	0.00438115040191175
47.0	0.0021264838516076153
48.0	0.0015390215985873479
49.0	0.0015666484767911343
50.0	0.00040045927558625665
51.0	0.0003163869308601457
52.0	0.00028508123655804574
53.0	0.00016450504307596094
54.0	0.00012128124247003679
55.0	0.00019938599552651092
56.0	0.0011556652602557147
57.0	0.0018103206842221076
58.0	0.0007456196444726448
59.0	0.0009114636784577454
60.0	0.0005875687810586375
61.0	0.0006225866953721533
62.0	0.0005077074396910621
63.0	0.00027523776685171793
64.0	0.00018913042550725405
65.0	0.00018956389000057689
66.0	8.942548448418231e-5
67.0	0.0002574568691659276
68.0	0.0023961864465308156
69.0	0.00043329242693141844
70.0	0.0007834399173907321
71.0	0.00036808251589501935
72.0	0.0002756446129726724
73.0	0.00015936268716788447
74.0	0.0002614914357191717
75.0	0.00011348069969389097
76.0	0.0001359388804168647
77.0	5.8892361269302246e-5
78.0	0.00026859204466677354
79.0	0.000269262834992519
80.0	0.00048069150954719914
81.0	0.0004010119937597221
82.0	0.00029337357770268277
83.0	0.0004040097764360052
84.0	0.00013196865140486204
85.0	9.314084061194848e-5
86.0	0.00010688304515952717
87.0	0.000191490483744158
88.0	7.998309873873583e-5
89.0	0.00039423862402940756
90.0	0.0003027041085871484
91.0	0.0002770241308121223
92.0	0.0001910189037409107
93.0	0.0005722477073776259
94.0	0.0003122458654031073
95.0	0.00011416841607769794
96.0	0.00023695402584548726
97.0	9.226499105055329e-5
98.0	8.558923716194972e-5
99.0	8.165982585898977e-5
100.0	0.00015049575251141232
101.0	0.00012736595201997086
102.0	0.00011746180151410956
103.0	0.00025021845235794854
104.0	9.367526187721636e-5
105.0	9.624387438144177e-5
106.0	0.0003187387638074633
107.0	0.00018236965015923552
108.0	5.063599370647649e-5
109.0	4.984531692836792e-5
110.0	2.1709036290760292e-5
111.0	2.9649093642060333e-5
112.0	3.8341570317759426e-5
113.0	6.935323471765345e-5
114.0	6.878465232419288e-5
115.0	9.278638380268397e-5
116.0	6.107542754008817e-5
117.0	5.829878174027861e-5
118.0	6.893715141764673e-5
119.0	3.794154248139633e-5
120.0	2.0416141326546795e-5
121.0	7.671542077823526e-6
122.0	0.06908505107067339
123.0	0.08620878101516435
124.0	0.056946480428364275
125.0	0.015992172337572826
126.0	0.008766741378537179
127.0	0.0018597273706840681
128.0	0.0016610736912158425
129.0	0.0006299931364553643
130.0	0.00042539015222245696
131.0	0.0001947674967341497
132.0	4.66089572253569e-5
133.0	0.06586347535789701
134.0	0.15059643692992034
135.0	0.07342544375349853
136.0	0.012688915866998643
137.0	0.011358264332213385
138.0	0.0017715761022865006
139.0	0.001190886809067093
140.0	0.0006089303534725805
141.0	0.0003079058651477882
142.0	0.00020759532653424393
143.0	0.00016333386272735385
144.0	0.0768332986490683
145.0	0.11638385277691708
146.0	0.022244125967400052
147.0	0.007456201489154334
148.0	0.003941436684669978
149.0	0.002394355605572865
150.0	0.0007349119842924129
151.0	0.00045188845475120756
152.0	0.0005577117865690253
153.0	0.0001940698918102281
154.0	0.0001868546343438771
155.0	0.007348210501363008
156.0	0.024143235864802895
157.0	0.02820932391562767
158.0	0.010300059036225617
159.0	0.0017753156597544392
160.0	0.001218911355300205
161.0	0.0012436176048334702
162.0	0.000533707139408305
164.0	0.0003671856118612315
165.0	0.0002521230805488174
166.0	0.0027850082442179742
167.0	0.0034345155411113345
168.0	0.0038512176938487485
169.0	0.0030277161665654825
170.0	0.0014394357782684132
171.0	0.0010193149147861426
172.0	0.0005125936407480149
173.0	0.0003696868263229167
174.0	0.00034403014019757214
175.0	0.0003933161204914033
176.0	0.00011496291948890457
177.0	0.0029560108847605385
178.0	0.004175676323328629
179.0	0.001801448234952363
180.0	0.0011066742023404343
181.0	0.0006365022418487369
182.0	0.0003951773287213108
183.0	0.0003433265317072401
184.0	0.00020913413481005562
185.0	0.00029133939650958075
186.0	0.00019623099772979563
187.0	9.85924255812108e-5
188.0	0.0004861605860233232
189.0	0.0009467377140288851
190.0	0.0010436372235055101
191.0	0.0006881574930373171
192.0	0.0006044510740176913
193.0	0.0004225832163740811
194.0	0.0003152575479913666
195.0	0.00018459154400291274
196.0	0.00020074737803988746
197.0	0.0003131824798298436
198.0	9.765983111134424e-5
199.0	0.0002607864535913585
200.0	0.001712892201806019
201.0	0.0006114596115233053
202.0	0.0006925153320943482
203.0	0.00028608208790063697
204.0	0.00033598686617391274
205.0	0.00033693289753325124
206.0	0.00020430227626994774
207.0	0.00014602583856104237
208.0	0.00019152691814084162
209.0	6.101768772975447e-5
210.0	0.0003454725726486276
211.0	0.00024192918475428232
212.0	0.0004132322241829559
213.0	0.0005984953412299853
214.0	0.0003852375781017804
215.0	0.00016532782809330942
216.0	0.00015544653143534056
217.0	0.0001262571610677534
218.0	9.620807885236543e-5
219.0	7.261149057049728e-5
220.0	0.00014483759842051945
221.0	0.0003078541413104271
222.0	0.00041072642045456817
223.0	0.0002081526531458401
224.0	0.00025198278982068736
225.0	0.00045127993686819507
226.0	0.0003116408018876798
227.0	0.00018121908657017273
228.0	0.00016216419911700082
229.0	0.0002668722909724411
230.0	8.523549132708043e-5
231.0	3.571535570595611e-5
232.0	3.625215339999699e-5
233.0	0.00026670751195169017
234.0	9.861096720238465e-5
235.0	0.00011290036433826575
236.0	0.00010427987026030331
237.0	0.00020168011264941056
238.0	0.00012253365667445413
239.0	7.790013194327285e-5
240.0	4.2534246944532134e-5
241.0	3.240883391357141e-5
242.0	1.5762891220691642e-5
243.0	0.0028338649591471256
244.0	0.008591276632998007
245.0	0.007006558170136744
246.0	0.009872634453646782
247.0	0.006268189775633216
248.0	0.0030742158224530787
249.0	0.0008493147731180962
250.0	0.0011528539657947392
251.0	0.0001712456551762825
252.0	0.00012020943388893775
253.0	6.136590424736558e-5
254.0	0.013457984267136633
255.0	0.013269839623100887
256.0	0.010515238686662926
257.0	0.0070308928926427075
258.0	0.008912408173806334
259.0	0.0018599018885259544
260.0	0.0017868406282265151
261.0	0.0011471755124760697
262.0	0.000801447239439427
263.0	0.0005030043971586414
264.0	0.00022431469286559338
265.0	0.00908131660424693
266.0	0.014296253009503964
267.0	0.007424802151558894
268.0	0.007564043649285994
269.0	0.0028602948736092177
271.0	0.000678626345997644
272.0	0.0009665749987205265
273.0	0.000798933932508705
274.0	0.0002937221389907639
275.0	0.0003803825642812461
276.0	0.009429389004656785
277.0	0.010877181606088686
278.0	0.008429457151798278
279.0	0.0017090104021444262
280.0	0.0013886126263612034
281.0	0.00203765026184025
282.0	0.00043092367726852104
283.0	0.0003717997553741768
284.0	0.00038881351715184663
285.0	0.0003362396659482737
286.0	0.00029677765201215056
287.0	0.0034888860688589915
288.0	0.0035713291813955247
289.0	0.001792685772616239
290.0	0.0025249957303494328
291.0	0.0012165053411753255
292.0	0.0011991325831144626
293.0	0.0006652400574395232
294.0	0.00025541525771336155
295.0	0.0003962154521277414
296.0	0.0003247291767753383
297.0	0.0002394264081904714
298.0	0.0019375476026570228
299.0	0.0027433297617982717
300.0	0.002820060137012328
301.0	0.0011145211024428305
302.0	0.000642775828778752
303.0	0.0004207647629836016
304.0	0.00026374169927883867
305.0	0.000512293272137707
306.0	0.0001585425514871544
307.0	0.00035039827150525136
308.0	0.00015102723224716443
309.0	0.0007530001512477918
310.0	0.0005779621503150648
311.0	0.0014806504173046065
312.0	0.0006579094514729232
313.0	0.0006962321325991871
314.0	0.000627339896182473
315.0	0.00022354347642036172
316.0	0.00016338668729980752
317.0	0.00015362909251397965
318.0	0.00023288269395555552
319.0	6.958114514057031e-5
320.0	0.0005332459377909551
321.0	0.0004649675994997399
322.0	0.0005192127909531736
323.0	0.000515452026432768
324.0	0.0004656351297042704
325.0	0.0002922320480103637
326.0	0.00019797671844577305
327.0	0.00012638730270886928
328.0	0.00017847121315871833
329.0	0.00010068962870907419
330.0	6.598763812181867e-5
331.0	0.00016718321334784373
332.0	0.00027659278502212227
333.0	0.0003551792198432654
334.0	0.0003176687043881977
335.0	0.00021271436467315205
336.0	0.0003490984588397648
337.0	0.00021823036260736701
338.0	0.00012243247182918568
339.0	0.00010568978073682168
340.0	0.00015712359540218576
341.0	3.962521371574811e-5
342.0	0.00010320319841251216
343.0	0.0001898051144773496
344.0	0.00022848396335663147
345.0	0.00021258979898272198
346.0	0.0004348443908960377
347.0	0.0001888999339935505
348.0	0.00014289707526352597
349.0	0.0001029903521128987
350.0	7.008505401716326e-5
351.0	7.882877250043281e-5
352.0	2.8687118513946085e-5
353.0	0.00010109169738072082
354.0	0.00020306991793729888
355.0	0.0002726847079420355
356.0	0.00023258365151461273
357.0	9.16450951067199e-5
358.0	0.00016325048092772902
359.0	7.484983866245022e-5
360.0	8.140096392651776e-5
361.0	4.946740539025667e-5
362.0	8.938535684045077e-5
363.0	8.70620335263261e-6
364.0	0.0008892849062525028
365.0	0.001988299786738123
366.0	0.0046380616946258045
367.0	0.0029054977655885612
368.0	0.0032248858694268493
369.0	0.0009642060534631752
370.0	0.0011196032405331104
371.0	0.00032050934307374185
372.0	0.0001620295527999763
373.0	7.093576800273344e-5
374.0	5.513463692942622e-5
375.0	0.0018315483404154128
376.0	0.0026547210297905763
377.0	0.005947515447103131
378.0	0.006711701426562329
380.0	0.002168678155036344
381.0	0.0012525590273685606
382.0	0.0008624292111537371
383.0	0.0005151968228396395
384.0	0.0003295823061370299
385.0	0.00016319831529743915
386.0	0.0022045986937097315
387.0	0.007759202006333824
388.0	0.0023893611595259055
389.0	0.0035892686519461876
390.0	0.0012934053729687018
391.0	0.0008582753832545288
392.0	0.0004907057820295965
393.0	0.0008181523121243419
394.0	0.00023392451617704912
395.0	0.00024779642945285695
396.0	0.0001085722717072707
397.0	0.0016529671802514424
398.0	0.0032138846023823304
399.0	0.0027431653679994114
400.0	0.0010949156363443426
401.0	0.0008886535410636667
402.0	0.0005028423246619179
403.0	0.0005014665424527994
404.0	0.0010076199204588133
405.0	0.00038814140973544056
406.0	0.00028504905253882366
407.0	0.0001691933069784735
408.0	0.0013148796644503846
409.0	0.002000754794246805
410.0	0.0010741397664324722
411.0	0.0008849831872857896
412.0	0.0009218116240475298
413.0	0.0010638613740725378
414.0	0.0006740057034654209
415.0	0.0006037093183448862
416.0	0.00021889564802732317
417.0	0.0001617907964675134
418.0	0.00018472838333796087
419.0	0.000525983776661784
420.0	0.00241446691177917
421.0	0.0011633916834581472
422.0	0.001025998320496668
423.0	0.0007238355275262092
424.0	0.0003048531417175798
425.0	0.000753994855295256
426.0	0.0001872217285948331
427.0	0.00023785704995286922
428.0	0.00021029392969972556
429.0	0.00034159043676565556
430.0	0.0003176288190831142
431.0	0.002892308204431474
432.0	0.000540012488919615
433.0	0.0005685389560279928
434.0	0.0003891604429696562
435.0	0.000601349058150768
436.0	0.00019093198484606367
437.0	0.0004928003489910609
438.0	0.0001475193658716222
439.0	0.00011550962091813049
440.0	0.0002621385854839509
441.0	0.00031236293110331235
442.0	0.0006576057579802695
443.0	0.00038737091025342016
444.0	0.00034929703399763575
445.0	0.000377379476240205
446.0	0.00021382938413774105
447.0	0.0003190554707508409
448.0	0.00021814352762854834
449.0	0.00018721529849337408
450.0	0.000164637422979293
451.0	6.79339645029383e-5
452.0	0.00015952124976861262
453.0	0.0005224943623748742
454.0	0.0003467572362047623
455.0	0.00022106870437610794
456.0	0.00020325557217733302
457.0	0.00015428437762571098
458.0	0.00014518623065729548
459.0	0.00016225024054580326
460.0	0.0002986219859770369
461.0	6.378064947093176e-5
462.0	4.555077095363408e-5
463.0	0.00014548805583282514
464.0	0.0002116403566126225
465.0	0.0001718540903848702
466.0	0.0001562947317075703
467.0	0.00016375703609119635
468.0	0.00021597981759796035
469.0	0.00015640775313923046
470.0	0.00014085149933344826
471.0	0.00023712794307859445
472.0	0.00012647240814008787
473.0	3.372255873708139e-5
474.0	5.758819604590557e-5
475.0	0.00029030790388902885
476.0	0.0001463321415214544
477.0	0.00031096226799384675
478.0	0.000655871476064545
479.0	0.00011975273061320778
480.0	0.00012637077910831562
481.0	0.0001349124424930701
482.0	5.0019150304612896e-5
483.0	2.0614031317674937e-5
484.0	1.1617434922182155e-5
485.0	0.0008251913489619599
486.0	0.0025957643268696767
487.0	0.0006690002039300862
488.0	0.0013540094990492613
489.0	0.0006061755813331945
490.0	0.0007943072395977521
491.0	0.0008227926022561394
492.0	0.0007572497696532254
493.0	0.00014331063483023881
494.0	7.937102654621942e-5
495.0	6.38552670933658e-5
496.0	0.001451845557445604
497.0	0.0007913379074981976
498.0	0.0013147342095920814
499.0	0.0012502100951851964
500.0	0.0013254129655709084
501.0	0.0011070944402961265
502.0	0.0006355180752572035
503.0	0.0003200263502637467
504.0	0.0002926771361063689
505.0	0.0002701045408216881
506.0	7.353403742599239e-5
507.0	0.0006182486126074062
508.0	0.0023819603695533894
509.0	0.003969562557609521
510.0	0.000925568566342921
511.0	0.0008913941425278375
512.0	0.0006900085409074057
513.0	0.0008078833008117223
514.0	0.0002995039495956077
515.0	0.00019628798606760516
516.0	0.00023856992405916206
517.0	0.00012219912939204523
518.0	0.0006058041721806404
519.0	0.0008607923687190511
520.0	0.0009041174434940838
521.0	0.0008269452891595849
522.0	0.0005832340298552443
523.0	0.0004134422159131653
524.0	0.0006510443078588381
525.0	0.0006311654718009633
526.0	0.0004800829688437466
527.0	0.0001337488461950173
528.0	0.00014206017846459535
529.0	0.0007025063573940511
530.0	0.0007641505297826007
531.0	0.001170996580581935
532.0	0.0005471590190585438
533.0	0.0005186687243502723
534.0	0.00040250817636788605
535.0	0.0002875201937473915
536.0	0.0005081986586968325
537.0	0.00047234978316463037
538.0	0.00036223944316731723
539.0	7.641198486455576e-5
540.0	0.0005005519765082163
541.0	0.0007355757679608187
542.0	0.0007117569775928233
543.0	0.0011229017964301212
544.0	0.0003960829700723288
545.0	0.00027535011925436663
546.0	0.000285637791347581
547.0	0.0002872045499346688
548.0	0.00045598648089585343
549.0	0.0001320044731146892
550.0	8.708779339242038e-5
551.0	0.001084115808925074
552.0	0.0008660161204931895
553.0	0.0015945743775222386
554.0	0.00047902188970120794
555.0	0.00045904336534015533
556.0	0.0003701514773741572
557.0	0.00017951903492973255
558.0	0.00019836060303717235
559.0	0.00036189166302851776
560.0	0.00025121454788609477
561.0	0.00017886140845054622
562.0	0.00019953422373582424
563.0	0.0003730379010485857
564.0	0.0006456962663119775
565.0	0.0003664714417726816
566.0	0.0003118615639117802
567.0	0.0003485058355840609
568.0	0.0003630999244465109
569.0	0.00011259753495880264
570.0	0.00020473578849775211
571.0	0.00011511370428879958
572.0	6.047699674207247e-5
573.0	0.00017859534009700945
574.0	0.0004775559070826439
576.0	0.00037541608219701303
577.0	0.0002009046153500499
578.0	0.0003012863520250018
579.0	0.00020539454460418368
580.0	0.00046128438911378867
581.0	6.633296054196766e-5
582.0	0.0001704859121007297
583.0	0.00012905079317855245
584.0	0.0002611979158127346
585.0	0.00023696578514830364
586.0	0.00023291009445839544
587.0	0.0001956387802690497
588.0	0.00013820584316932502
589.0	0.0001862184904271561
590.0	0.0004752586652855485
591.0	7.845729303821132e-5
592.0	7.235130815399215e-5
593.0	3.8298285655067205e-5
594.0	2.9604203828740944e-5
595.0	6.703548828116258e-5
596.0	0.0001848345759943023
597.0	0.0003629473267671405
598.0	0.0001073282299056087
599.0	8.88458846749554e-5
600.0	0.000652974240498772
601.0	0.00015986464699296567
602.0	0.00011723152263684604
603.0	6.923082077364936e-5
604.0	3.150375278633943e-5
605.0	6.063393175383747e-6
606.0	0.00015751225178006387
607.0	0.0003194633742814272
608.0	0.0006211076456728418
609.0	0.0007593496254592716
610.0	0.00026947741821878996
611.0	0.0006204808070475979
612.0	0.00021017211090703316
613.0	0.0003518626946377592
614.0	0.0004916988957035794
615.0	0.00011124216531439438
616.0	4.135283546616601e-5
617.0	0.0006422606566316645
618.0	0.000740231988988612
619.0	0.0005787268793848635
620.0	0.0007359326175343385
621.0	0.00042646738488201876
622.0	0.00034503139817286245
623.0	0.0012172651317499034
624.0	0.00022535947609888306
625.0	0.00013406645181430658
626.0	0.00012483103002971987
627.0	7.937086985364471e-5
628.0	0.00025799449884212646
629.0	0.0004755916598774959
630.0	0.0004923888883425287
631.0	0.0004969716488357815
632.0	0.0003559235416118257
633.0	0.0004882922149368819
634.0	0.000405278708511395
635.0	0.0001798763152301554
636.0	0.0001454435902999807
637.0	0.0001782116302502674
638.0	0.00012742636792434226
639.0	0.0002813927825124697
640.0	0.0006035974229503398
641.0	0.00038044931095941614
642.0	0.0008069183907835547
643.0	0.0004483050920595162
644.0	0.0005272496905339723
645.0	0.00018677266831554568
646.0	0.00029485074223227725
647.0	0.00013768379586334033
648.0	0.0002855287044985277
649.0	0.00010547260587769747
650.0	0.0003300058578998223
651.0	0.000573793914890194
652.0	0.00039697103981124835
653.0	0.0005064309916430958
654.0	0.0003788652941162989
655.0	0.0002291557260898867
656.0	0.00023863891197240347
657.0	0.00016755068511933795
658.0	0.00023412284794989776
659.0	0.00020378339716630776
660.0	7.815969593730473e-5
661.0	0.0003775655712878254
662.0	0.0006207698738489756
663.0	0.0006054997630360486
664.0	0.0005266483578569733
665.0	0.0002504629789285125
666.0	0.0003941225789732953
667.0	0.0004404622469262778
668.0	0.0007366216863418205
669.0	0.00014072805476945824
670.0	0.00023022203284781868
671.0	6.647070796037705e-5
672.0	0.00028150270294426556
673.0	0.00027981288449898566
674.0	0.0006800208565836548
675.0	0.0004251936991856828
676.0	0.0004998752267055831
677.0	0.00045736483575053766
678.0	0.00017208640920196727
679.0	0.00011165013939885521
680.0	0.00020174339786966413
681.0	0.00011785152521074002
682.0	4.964755731121228e-5
683.0	0.00019618604822627215
684.0	0.0002654719024109589
685.0	0.0006078245188983438
686.0	0.00040747877125355784
687.0	0.00025337829779587684
688.0	0.00014850740703261376
689.0	0.00014627320074580446
690.0	0.00024815791275441316
691.0	0.00019965804635597496
693.0	0.00017092072680774712
694.0	0.00021995624461052277
695.0	0.00022009289254162182
696.0	0.00039349976614298343
697.0	0.00016930226620005885
698.0	0.00017958048118789382
699.0	0.00017282133508582468
700.0	0.0002478976324333487
701.0	0.00023031116098931622
702.0	5.4066103383768364e-5
703.0	4.882412396274211e-5
704.0	5.822474374438641e-5
705.0	0.00011042526591789637
706.0	0.0001741317820513885
707.0	0.0002421329967672671
708.0	0.000293634102764894
709.0	0.00020533669687329114
710.0	0.0004571404755045211
711.0	0.00012244211246976669
712.0	0.0001918151543710188
713.0	6.220192938451836e-5
714.0	5.280236678274211e-5
715.0	2.1071165137328916e-5
716.0	7.511498556774994e-5
717.0	0.00016615272652539999
718.0	8.084247132979302e-5
719.0	0.0001425703070069199
720.0	0.0001823089198559887
721.0	6.638433761115116e-5
722.0	4.825959811588519e-5
723.0	5.750020391263897e-5
724.0	5.672029140132149e-5
725.0	5.4089841324787374e-5
726.0	2.02497326181921e-5
727.0	3.692561708455343e-5
728.0	0.0001326872180822487
729.0	0.0004967392525159395
730.0	0.0001750261705757665
731.0	0.00015415424088649103
732.0	0.0006521557607541621
733.0	0.00012233604017156813
734.0	0.0002934882729813293
735.0	0.00016677886955233313
736.0	6.918264680196526e-5
737.0	6.340890810363122e-5
738.0	0.00015500523456887382
739.0	0.00022983990295181693
740.0	0.0003802562899149741
741.0	0.00022226815564442586
742.0	0.00019931169204252764
743.0	0.00018599965756136184
744.0	0.0003072743946670456
745.0	0.0007192696409630125
746.0	0.00014517164769243355
747.0	9.412432230259518e-5
748.0	6.211024713989015e-5
749.0	0.00015349677551124703
750.0	0.00041208432954727283
751.0	0.0005738723119807006
752.0	0.00020894450433710213
753.0	0.00031222783622130107
754.0	0.0003344377177495649
755.0	0.0003338886210913744
756.0	0.0001623000386597081
757.0	0.00011484202474519971
758.0	0.0001074192549466444
759.0	7.6606526563304e-5
760.0	0.00016850467261104654
761.0	0.0005593324573133378
762.0	0.00026600320851434127
763.0	0.00019280950693384888
764.0	0.0003936774390016
765.0	0.0002473567624029924
766.0	0.00016229937541711693
767.0	0.00012768933479984142
768.0	0.00035341973004664905
769.0	0.00010045818826771388
770.0	8.595565943922125e-5
771.0	0.00020694017035000913
772.0	0.00038944791735530984
773.0	0.0002818599773197941
774.0	0.000241124554274864
775.0	0.00017637819326517308
776.0	0.00017035297492964735
777.0	0.00017106388609795114
778.0	0.00039440335520858855
779.0	0.00012443224002045406
780.0	0.0001139305973235434
781.0	0.00011336095689618897
782.0	0.0002373805007665889
783.0	0.00030067437193562413
784.0	0.00020786173429420614
785.0	0.00021108752071908273
786.0	0.00017878219771559468
787.0	0.0001425671983876864
788.0	0.0002638510627343445
789.0	0.00013480190536078543
790.0	0.00022442397527735873
791.0	8.267373103529638e-5
792.0	5.116226345744174e-5
793.0	0.00016374731521650356
794.0	0.0002534321146556168
795.0	0.00019276021105635283
796.0	0.00020188647952154687
797.0	0.00031627010135175675
798.0	0.0001302797561993238
799.0	0.0005084496979407102
800.0	0.00044155846777807343
801.0	0.0001715844882549316
802.0	7.301135683068422e-5
803.0	4.2999322520192796e-5
804.0	0.000179694810362612
805.0	0.00019417217840487835
806.0	0.00027260283787482827
807.0	0.0002326715075141704
808.0	0.00017717534835559815
809.0	0.00020633582197015742
810.0	0.00012158669489281778
811.0	0.00029333230772268586
812.0	7.855497173015959e-5
813.0	5.70917337885404e-5
814.0	5.2488594394654444e-5
815.0	9.531457703724851e-5
816.0	0.00013868124988408744
817.0	0.0001653225102746012
818.0	0.00019696915277395288
819.0	0.00014321990959920462
820.0	0.00011129747939450466
821.0	9.539743824188683e-5
822.0	7.378639469148361e-5
823.0	4.965088459186591e-5
824.0	6.47671300249623e-5
825.0	2.7808058603640375e-5
826.0	0.00021703510088755344
827.0	0.00012169817727481466
828.0	0.0002553210878768304
829.0	0.00021622016228743613
830.0	0.00011231078439341013
831.0	0.00028151202181183374
832.0	7.080406835859188e-5
834.0	6.84947384895949e-5
835.0	3.728075335103851e-5
836.0	2.5992409648945653e-5
837.0	4.192562857538746e-5
838.0	7.528714528368837e-5
839.0	0.00014116397374162323
840.0	9.739995088724247e-5
841.0	9.727633862246058e-5
842.0	9.840455987717716e-5
843.0	0.000193145659894017
844.0	4.542610346930242e-5
845.0	3.6458344956208206e-5
846.0	1.6500816639272906e-5
847.0	2.4268168323328134e-5
848.0	4.465469365491258e-5
849.0	0.00011502884853092725
850.0	0.00010026354715623154
851.0	8.431135899847194e-5
852.0	0.0001851767828810479
853.0	0.00023402099544184905
854.0	0.00033020266148887527
855.0	0.00010954687106901166
856.0	7.158230692440307e-5
857.0	5.3351793454267456e-5
858.0	2.416823788593332e-5
859.0	0.00010126465763404876
860.0	0.00027897261171079443
861.0	0.00014454925514500113
862.0	0.00016202880258118601
863.0	0.0001472660713363101
864.0	0.00016560568255317287
865.0	0.00016731473290938957
866.0	0.0002603889566981701
867.0	0.00020125669992230878
868.0	0.0001941379530004896
869.0	4.8708745579062636e-5
870.0	0.0001662127095557362
871.0	0.00012451797711977462
872.0	0.00042422703205171545
873.0	0.0001518004383705596
874.0	0.00015779535263938445
875.0	0.00015347744077041396
876.0	0.00016576382027858088
877.0	0.00039697528817668633
878.0	0.0001175739946156736
879.0	6.747463543522062e-5
880.0	0.00012486838181273354
881.0	0.00019401362261875239
882.0	0.00015346224866477656
883.0	0.00046653617568901995
884.0	0.00015293869824692583
885.0	0.00028295671600339503
886.0	0.00018670480903148863
887.0	0.00020684594137110462
888.0	0.00011885532797584176
889.0	0.0001340822222391974
890.0	0.00010587099051286299
891.0	5.397833333088922e-5
892.0	0.00014006227993297037
893.0	0.00044209706182866195
894.0	0.0001345775523633146
895.0	0.0001350011866872802
896.0	0.00016423618513871735
897.0	0.0001646730913039037
898.0	0.00014426117890077613
899.0	0.00010414107627483587
900.0	0.0002696399452612257
901.0	0.0002583235078516124
902.0	5.153707711919871e-5
903.0	0.00028358914948328046
904.0	0.0001443943306953585
905.0	0.00012608390433787594
907.0	0.0001428774905651844
908.0	0.00023276872187785136
909.0	7.91268963101353e-5
910.0	0.00010641275575679543
911.0	0.00015361307932930464
912.0	9.384551939323978e-5
913.0	4.1965531582848814e-5
914.0	8.964626144077089e-5
915.0	0.00019751885154564028
916.0	0.0002453974013869772
917.0	0.0002512977337309212
918.0	0.00015503530470844875
919.0	0.00015880507606926534
920.0	0.00010975361272089212
921.0	0.00039412581115685365
922.0	0.00010684560733073834
923.0	0.0001033486252346972
924.0	6.460603398057967e-5
925.0	0.00010984495072634035
926.0	0.0001167977912977424
927.0	0.0002863005714791582
928.0	0.0001974518150560388
929.0	9.813941703582389e-5
930.0	0.00020769610912639154
931.0	0.00018702691608832788
932.0	0.00014142932211668745
933.0	9.074400857021382e-5
934.0	6.568992566874255e-5
935.0	4.27771711090365e-5
936.0	8.510803451637043e-5
937.0	9.840490706574703e-5
938.0	0.0001334655313560005
939.0	0.00018306579801987625
940.0	0.00020002636795353598
941.0	0.00011282324674018711
942.0	0.00020498348548424541
943.0	6.022459539055184e-5
944.0	7.707637427437884e-5
945.0	3.8548552223950545e-5
946.0	5.426315149336518e-5
947.0	0.0001883886505064762
948.0	0.00012437981797938974
949.0	8.551877998065548e-5
950.0	9.842322903462785e-5
951.0	0.0001352988943073922
952.0	8.755698897034254e-5
953.0	0.00024121124348279303
954.0	8.301395325881168e-5
955.0	3.906082517470112e-5
956.0	4.287322892395006e-5
957.0	2.4081771461682326e-5
958.0	2.7547108151147718e-5
959.0	6.907699103003613e-5
960.0	5.3350378074010855e-5
961.0	6.814860057377136e-5
962.0	0.00011857257243439382
963.0	6.377710882057956e-5
964.0	3.608752491039545e-5
965.0	5.6756648717045085e-5
966.0	3.209260767339909e-5
967.0	2.999214257919272e-5
968.0	5.7576218059024416e-6
969.0	1.4983632974582993e-5
970.0	2.4789234058131752e-5
971.0	4.51142737296831e-5
972.0	5.8469228508984316e-5
973.0	0.00011330052543012742
974.0	0.0001123837115381574
975.0	7.329344354196905e-5
976.0	0.00012315597084929411
977.0	4.7727874706862286e-5
978.0	6.224585055839536e-5
979.0	1.6818344192125248e-5
980.0	8.516846342220219e-5
981.0	0.0001330842501204329
982.0	0.000148098273402538
983.0	0.00010220142865309722
984.0	9.928203912334839e-5
985.0	0.00011963051745327874
986.0	9.832302938395202e-5
987.0	0.00011303402905012192
988.0	5.528524567805101e-5
989.0	4.2708260887761364e-5
990.0	3.796476433612908e-5
991.0	6.294276361829737e-5
992.0	9.924966885814076e-5
993.0	9.905119293663584e-5
994.0	0.00011060482757869046
995.0	0.0001458431359106545
996.0	0.00030161855541309813
997.0	0.00019787116431702067
998.0	8.095121854700457e-5
999.0	0.00011764218519881613
1000.0	0.00015585989428074722
1001.0	8.589361917626382e-5
1002.0	0.00010511860609139508
1003.0	0.00014862713114519103
1004.0	0.00011139701079546084
1005.0	0.0002585238848722696
1006.0	0.00016948708322788667
1007.0	0.00029200134956404986
1008.0	0.0001165843763639566
1009.0	0.00011406679506788986
1010.0	0.00023465406162677686
1011.0	7.758571171427708e-5
1012.0	0.00016974080180424446
1013.0	5.9941815050027836e-5
1014.0	9.54183611650702e-5
1015.0	0.0001408449547055265
1016.0	0.00017967566856879786
1017.0	0.0007116660683172391
1018.0	0.00013443920184130797
1020.0	0.00012655174952425608
1021.0	6.950026768178465e-5
1022.0	0.00010678608444302542
1023.0	0.00011451863345144633
1024.0	0.00018461265752339067
1025.0	0.0001299027371460223
1026.0	0.00012857202591051636
1027.0	0.00019344821691316116
1028.0	0.0002515658098231197
1029.0	0.00012169003522208403
1030.0	0.00013464376238164993
1031.0	7.465570460776254e-5
1032.0	0.00042221015706474853
1033.0	0.00015084856011823598
1034.0	5.251826457657861e-5
1035.0	8.589735834237102e-5
1036.0	8.788316879437018e-5
1037.0	0.0003328210499250173
1038.0	0.00034701941124665273
1039.0	0.00010685826514415976
1040.0	7.401862793922687e-5
1041.0	0.00017615666402791744
1042.0	0.00012053492342289645
1043.0	7.550525699476262e-5
1044.0	7.831393533536235e-5
1045.0	6.295413874750305e-5
1046.0	5.920107099318165e-5
1047.0	9.111440288307617e-5
1048.0	0.00018908515874371703
1049.0	0.00011546735820956876
1050.0	0.00011209957550813506
1051.0	0.00019547507039503092
1052.0	0.00020604636849436215
1053.0	7.66848592505898e-5
1054.0	5.653961027286079e-5
1055.0	0.00011288582167091755
1056.0	6.437907922383595e-5
1057.0	4.344238746968544e-5
1058.0	0.00016822915651268204
1059.0	0.00010239769696038195
1060.0	8.12475647702797e-5
1061.0	7.172024383752009e-5
1062.0	9.665250028268631e-5
1063.0	8.08242285989421e-5
1064.0	0.00016222530696245572
1065.0	4.5914765739196357e-5
1066.0	9.57156024704513e-5
1067.0	4.738724297850814e-5
1068.0	2.9281254131055063e-5
1069.0	6.784359321728994e-5
1070.0	6.8801071277886e-5
1071.0	7.648496083795687e-5
1072.0	0.00010357866550013699
1073.0	0.0001179134313060222
1074.0	8.624037618002104e-5
1075.0	5.880264528168468e-5
1076.0	7.9984081294032e-5
1077.0	3.978593155667378e-5
1078.0	4.226887352890203e-5
1079.0	2.5288951733525664e-5
1080.0	7.918851666422749e-5
1081.0	5.0405758729908704e-5
1082.0	6.809818278044667e-5
1083.0	4.1896344240100746e-5
1084.0	6.104998609175005e-5
1085.0	4.8247068226214494e-5
1086.0	4.156254718180057e-5
1087.0	3.588989794116318e-5
1088.0	2.0843342144057342e-5
1089.0	5.1070990257663945e-6
1090.0	6.4572903976003445e-6
1091.0	1.1976111598180768e-5
1092.0	2.4479521045722533e-5
1093.0	4.872840239752345e-5
1094.0	3.104056747073303e-5
1095.0	4.1797034844553234e-5
1096.0	2.7800521178101244e-5
1097.0	5.232166277012264e-5
1098.0	1.280317978265332e-5
1099.0	7.962071672660404e-6
1100.0	5.1747920997877595e-6
1101.0	1.9935386151720725e-5
1102.0	2.6397115311445188e-5
1103.0	3.945135767043225e-5
1104.0	5.481031894908538e-5
1105.0	5.1997154983755786e-5
1106.0	9.838860985922995e-5
1107.0	0.0001549225810573232
1108.0	7.084545301064305e-5
1109.0	3.6151475482788904e-5
1110.0	4.0306688071990935e-5
1111.0	2.0679215735952516e-5
1112.0	6.494763460927548e-5
1113.0	4.9283301787341525e-5
1114.0	6.715814640042117e-5
1115.0	6.93405454368659e-5
1116.0	8.745166137996112e-5
1117.0	0.00011957048265358181
1118.0	7.86508996398495e-5
1119.0	7.499178009140459e-5
1120.0	8.231250079081601e-5
1121.0	3.964167276018028e-5
1122.0	4.020789445949234e-5
1123.0	4.681765029906505e-5
1124.0	5.801414103575642e-5
1125.0	5.906891456546319e-5
1126.0	7.536259986099517e-5
1127.0	0.000172955214072524
1128.0	0.00025979735278863634
1129.0	6.70167518697695e-5
1130.0	0.00012396366690022308
1131.0	4.9920996489458525e-5
1132.0	5.495095968968489e-5
1133.0	5.209708780479108e-5
1134.0	0.00011023963526347889
1135.0	6.328099599035655e-5
1136.0	0.00012961107507472998
1137.0	8.858777361735979e-5
1138.0	6.509273620845e-5
1139.0	8.439009898903645e-5
1140.0	0.00014273852094450856
1141.0	8.800482518197643e-5
1142.0	6.04558759450363e-5
1143.0	0.00012122332244487222
1144.0	9.880267108315332e-5
1145.0	2.9572906118640167e-5
1146.0	0.0001428365745513976
1147.0	0.00018830521931172706
1148.0	0.0005767811700929342
1149.0	7.568944551750638e-5
1150.0	4.580783728393402e-5
1151.0	6.236230276328921e-5
1152.0	6.773614809552829e-5
1153.0	7.553212575018763e-5
1154.0	0.00020022906129012565
1155.0	2.921022540132105e-5
1156.0	5.7634035462098404e-5
1157.0	4.933860098876579e-5
1158.0	8.784261763331286e-5
1159.0	0.00010202478868342138
1160.0	6.754011731520922e-5
1161.0	5.522275470851397e-5
1162.0	4.601956224301542e-5
1163.0	6.788240150774445e-5
1164.0	8.471397736127638e-5
1165.0	5.956421078126009e-5
1166.0	4.0481556830140225e-5
1167.0	2.8701515369597162e-5
1168.0	6.929289952884685e-5
1169.0	4.7818800394249246e-5
1170.0	6.882340537937623e-5
1171.0	6.482175795674649e-5
1172.0	5.592098749220916e-5
1173.0	4.9006510546931214e-5
1174.0	7.33849484856298e-5
1175.0	3.8044288711797576e-5
1176.0	5.3256468128783926e-5
1177.0	2.6444857650672428e-5
1178.0	3.612914079854838e-5
1179.0	3.004353872815324e-5
1180.0	3.6799529020698495e-5
1181.0	4.428633638600437e-5
1182.0	7.026887218623766e-5
1183.0	7.817623734938211e-5
1184.0	5.4406504309570247e-5
1185.0	3.267547611544462e-5
1186.0	3.0163018204296857e-5
1187.0	4.243686050817408e-5
1188.0	3.253935546970068e-5
1189.0	1.761711323679091e-5
1190.0	1.9829909872025382e-5
1191.0	8.410903038432336e-5
1192.0	4.4873023479917604e-5
1193.0	5.9371403474686486e-5
1194.0	4.48311706543004e-5
1195.0	6.110768301253174e-5
1196.0	4.2634531951196076e-5
1197.0	3.010777565733508e-5
1198.0	3.980735961168897e-5
1199.0	1.328834798860057e-5
1200.0	1.0244674409914643e-5
1201.0	1.6460429929908198e-5
1202.0	2.521618021609469e-5
1203.0	4.2045836399628574e-5
1204.0	5.657862776930469e-5
1205.0	3.157857079792592e-5
1206.0	3.125086026122105e-5
1207.0	2.466565874702052e-5
1208.0	1.9959635768085967e-5
1209.0	1.4233111228980246e-5
1210.0	3.463433911583075e-6
