1.0	2.0	0.4106319753697897
1.0	23.0	0.4106319753697816
2.0	3.0	0.6159671719314853
2.0	23.0	0.8212639507395713
2.0	24.0	0.6328358665107874
3.0	4.0	0.32287385498315274
3.0	24.0	0.1207815965515944
3.0	25.0	0.2762244123592733
4.0	5.0	0.20891195586658767
4.0	25.0	0.06613381821748229
4.0	26.0	0.16061159001214337
5.0	6.0	0.14875175359018247
5.0	26.0	0.05084708581159325
5.0	27.0	0.10846052161481759
6.0	7.0	0.11058151369570902
6.0	27.0	0.040291231975364876
6.0	28.0	0.07846142674241487
7.0	8.0	0.08471639443002574
7.0	28.0	0.03212008695329416
7.0	29.0	0.057985252184804686
8.0	9.0	0.06833156079652913
8.0	29.0	0.026731142245221044
8.0	30.0	0.043115966631403754
9.0	10.0	0.060441857290765316
9.0	30.0	0.02521559416512538
9.0	31.0	0.033105213626144984
10.0	11.0	0.059636210239122425
10.0	31.0	0.02733664366462034
10.0	32.0	0.02814223617893967
11.0	12.0	0.062297550697760315
11.0	32.0	0.031493974060182756
11.0	33.0	0.028832628888401816
12.0	13.0	0.06435344131594418
12.0	33.0	0.0334649218093585
12.0	34.0	0.03140902357267264
13.0	14.0	0.06490991468375165
13.0	34.0	0.03294441774327155
13.0	35.0	0.03238793009914728
14.0	15.0	0.06458473088454086
14.0	35.0	0.032521984584604355
14.0	36.0	0.03284716867922453
15.0	16.0	0.0627810170813146
15.0	36.0	0.031737562205316344
15.0	37.0	0.03354127566270029
16.0	17.0	0.056921515119152284
16.0	37.0	0.029239741418614303
16.0	38.0	0.03509923427453676
17.0	18.0	0.04547312722370145
17.0	38.0	0.021822280844615523
17.0	39.0	0.03327067203391458
18.0	19.0	0.03205931110301922
18.0	39.0	0.012202455189786871
18.0	40.0	0.0256162834823895
19.0	20.0	0.02076752383582988
19.0	40.0	0.00644302762062972
19.0	41.0	0.017734820390929634
20.0	21.0	0.012131749509256884
20.0	41.0	0.003032703444900248
20.0	42.0	0.011668480488082295
21.0	22.0	0.005506806445994819
21.0	42.0	0.0004632690211745894
21.0	43.0	0.007088216457405736
22.0	43.0	0.0015814100114109172
22.0	44.0	0.003925399104650558
23.0	24.0	0.508858921370471
23.0	45.0	0.4469135950612148
23.0	46.0	0.5635280126695215
24.0	25.0	0.268955318063773
24.0	46.0	0.19966875493432057
24.0	47.0	0.32271841404840396
25.0	26.0	0.20726103263602283
25.0	47.0	0.06336269626843276
25.0	48.0	0.2183072716331544
26.0	27.0	0.1567608874692619
26.0	48.0	0.02267257134333705
26.0	49.0	0.15176503651259599
27.0	28.0	0.11875265871777974
27.0	49.0	0.013418749927188688
27.0	50.0	0.11117338996791935
28.0	29.0	0.09010533913809884
28.0	50.0	0.010996810695109376
28.0	51.0	0.08256803178093253
29.0	30.0	0.06984710887662479
29.0	51.0	0.009186826784874745
29.0	52.0	0.05904960016021844
30.0	31.0	0.058320807791270364
30.0	52.0	0.011754761940818727
30.0	53.0	0.04022406775780968
31.0	32.0	0.05547887984356001
31.0	53.0	0.018658266227424947
31.0	54.0	0.026707200962567394
32.0	33.0	0.060326602948584565
32.0	54.0	0.029001739838690054
32.0	55.0	0.0205722206399971
33.0	34.0	0.06487394538203113
33.0	55.0	0.039754382308587466
33.0	56.0	0.030574731524209836
34.0	35.0	0.06533234784241884
34.0	56.0	0.0342992138578213
34.0	57.0	0.03230539571487003
35.0	36.0	0.06536915326382889
35.0	57.0	0.0330269521275488
35.0	58.0	0.032856087647073345
36.0	37.0	0.06527883786801664
36.0	58.0	0.03251306561675554
36.0	59.0	0.0337129737362899
37.0	38.0	0.06433897569315107
37.0	59.0	0.03156586413172674
37.0	60.0	0.03680723891470925
38.0	39.0	0.0550929528785301
38.0	60.0	0.027531736778441812
38.0	61.0	0.05005471125960242
39.0	40.0	0.037818738672176375
39.0	61.0	0.005162538036626417
39.0	62.0	0.04350497695579124
40.0	41.0	0.02417784801155935
40.0	62.0	0.002301859416410455
40.0	63.0	0.030512286507803816
41.0	42.0	0.014701183932982543
41.0	63.0	0.0025998052272220807
41.0	64.0	0.021578975654780345
42.0	43.0	0.007551485478580325
42.0	64.0	0.0034906207455925875
42.0	65.0	0.014864292243853248
43.0	44.0	0.0023439890932396407
43.0	65.0	0.0052085601947962235
43.0	66.0	0.008668561988731054
44.0	66.0	0.006269385265800573
45.0	46.0	0.11661441760830663
45.0	67.0	0.33029936041658425
46.0	47.0	0.21504583857971393
46.0	67.0	0.21368494280827766
46.0	68.0	0.30608092262813824
47.0	48.0	0.17697937662738822
47.0	68.0	0.130592775587284
47.0	69.0	0.2235935602291087
48.0	49.0	0.14160499391897707
48.0	69.0	0.06864898486438704
48.0	70.0	0.1749302772469964
49.0	50.0	0.11616924092458528
49.0	70.0	0.034211479731531935
49.0	71.0	0.1371073425149829
50.0	51.0	0.09014730053079292
50.0	71.0	0.020938101590397648
50.0	72.0	0.10867810124856117
51.0	52.0	0.06658690751738475
51.0	72.0	0.018530406731362158
51.0	73.0	0.08006084782724185
52.0	53.0	0.05102157647421604
52.0	73.0	0.013473940309857085
52.0	74.0	0.050343597645772814
53.0	54.0	0.04480394099602808
53.0	74.0	0.002492459851881102
53.0	75.0	0.02902301954809881
54.0	55.0	0.04934389952098971
54.0	75.0	0.016870400232408017
54.0	76.0	0.00917651583417225
55.0	56.0	0.0703291138327973
55.0	76.0	0.040664408327818244
56.0	57.0	0.06660460957269132
57.0	58.0	0.06588303977462215
58.0	59.0	0.06622603935304544
59.0	60.0	0.06837310304643598
60.0	61.0	0.07764856299242198
61.0	62.0	0.04923760134483965
61.0	83.0	0.07330310880960976
62.0	63.0	0.0310141064656528
62.0	83.0	0.023116254204469194
62.0	84.0	0.04091405021464631
63.0	64.0	0.02251464272811272
63.0	84.0	0.011454106588583021
63.0	85.0	0.030157424222967757
64.0	65.0	0.014774289753698492
64.0	85.0	0.009575447753999046
64.0	86.0	0.02323448820836291
65.0	66.0	0.005790885726834992
65.0	86.0	0.010493287161110317
65.0	87.0	0.018562964863273336
66.0	87.0	0.009475091444960202
66.0	88.0	0.011253740145069122
67.0	68.0	0.09239597981986064
67.0	89.0	0.21209015218132365
67.0	90.0	0.239498136794922
68.0	69.0	0.1264708520767284
68.0	90.0	0.14810325282440145
68.0	91.0	0.21593885723479997
69.0	70.0	0.12043392515945398
69.0	91.0	0.10483313730512114
69.0	92.0	0.17460148253623436
70.0	71.0	0.106762963371654
70.0	92.0	0.06784756394980404
70.0	93.0	0.14467966263420748
71.0	72.0	0.08773990814874119
71.0	93.0	0.04178379985075649
71.0	94.0	0.13141771780307482
72.0	73.0	0.061530790999709505
72.0	94.0	0.031682399244269466
72.0	95.0	0.12173539395730332
73.0	74.0	0.03686965733591573
73.0	95.0	0.03226494130335655
73.0	96.0	0.08593109270482138
74.0	75.0	0.029700998376542033
74.0	96.0	0.018836208270489766
74.0	97.0	0.03799808993746888
75.0	76.0	0.025022189066812292
75.0	97.0	0.0029150750761657795
75.0	98.0	0.018923939055936978
76.0	98.0	0.007490461475235416
83.0	84.0	0.019810191572942643
83.0	105.0	0.03601532757532619
83.0	106.0	0.04059382217323172
84.0	85.0	0.0176092187510141
84.0	106.0	0.022739461922772333
84.0	107.0	0.03182964876983172
85.0	86.0	0.012905330246866343
85.0	107.0	0.01788709526896232
85.0	108.0	0.026549664280766022
86.0	87.0	0.00806344106804847
86.0	108.0	0.015889324407798486
86.0	109.0	0.022680347073345958
87.0	88.0	0.002916904874370285
87.0	109.0	0.014606824784426781
87.0	110.0	0.01857777183292507
88.0	110.0	0.01417064509183215
89.0	90.0	0.027407984613598342
89.0	111.0	0.18468209038259176
90.0	91.0	0.06883670025973859
90.0	111.0	0.1572741057689934
90.0	112.0	0.18789731035781762
91.0	92.0	0.08513347737816276
91.0	112.0	0.1213610090131606
91.0	113.0	0.17004958503984047
92.0	93.0	0.08565196411831544
92.0	113.0	0.092445315170866
92.0	114.0	0.14333453847034977
93.0	94.0	0.08816658375680297
93.0	114.0	0.06516272222636638
93.0	115.0	0.11421180369563011
94.0	95.0	0.10003526252278572
94.0	115.0	0.045905966393252395
94.0	116.0	0.10269498517421169
95.0	96.0	0.10591477552126921
95.0	116.0	0.03834827468609974
95.0	117.0	0.10856296616494188
96.0	97.0	0.06031996153807641
96.0	117.0	0.06490408262030567
96.0	118.0	0.08570799794043264
97.0	98.0	0.025898229766450155
97.0	118.0	0.024051721915658207
97.0	119.0	0.04692511879249602
98.0	119.0	0.01526129700104003
98.0	120.0	0.023375573528386106
105.0	106.0	0.003954657545963639
105.0	127.0	0.03206066869265278
106.0	107.0	0.008067360755604297
106.0	127.0	0.028106011146689144
106.0	128.0	0.031114574473889746
107.0	108.0	0.007377265280723419
107.0	128.0	0.02304721371828545
107.0	129.0	0.027359642859789698
108.0	109.0	0.005784099527819995
108.0	129.0	0.019982377579066277
108.0	130.0	0.02404978993839247
109.0	110.0	0.0035930885213215852
109.0	130.0	0.018265690410572476
109.0	131.0	0.021212494449942464
110.0	131.0	0.01761940592862088
110.0	132.0	0.018722096698587536
111.0	112.0	0.030623204588824227
111.0	133.0	0.1507355136009667
111.0	134.0	0.16059736732064755
112.0	113.0	0.05098897494176144
112.0	134.0	0.12997416273182333
112.0	135.0	0.15661809375957372
113.0	114.0	0.05841843080867207
113.0	135.0	0.10759861388511947
113.0	136.0	0.1419071893360022
114.0	115.0	0.054996252733974876
114.0	136.0	0.08786890579157114
114.0	137.0	0.12095042692298827
115.0	116.0	0.04623969499011982
115.0	137.0	0.07074004277255182
115.0	138.0	0.09608589223801303
116.0	117.0	0.03602245550229875
116.0	138.0	0.06762458062455709
116.0	139.0	0.08253475533211133
117.0	118.0	0.03569775619551738
117.0	139.0	0.07897401666431796
117.0	140.0	0.09258705826468355
118.0	119.0	0.024879381481714306
118.0	140.0	0.05364529034885229
118.0	141.0	0.06639561311984504
119.0	120.0	0.00879331875387129
119.0	141.0	0.036341181653300914
119.0	142.0	0.04190004065684093
120.0	142.0	0.03216878646699704
127.0	128.0	0.003008563327200604
127.0	149.0	0.02838293739585567
127.0	150.0	0.028775186145116573
128.0	129.0	0.004312429141504247
128.0	150.0	0.025766622817915967
128.0	151.0	0.027091310160046452
129.0	130.0	0.004067412359326193
129.0	151.0	0.022778881018542203
129.0	152.0	0.024808162569039754
130.0	131.0	0.0029468040393699877
130.0	152.0	0.02074075020971356
130.0	153.0	0.02269533716125651
131.0	132.0	0.0011026907699666578
131.0	153.0	0.01974853312188652
131.0	154.0	0.02092748065856237
132.0	154.0	0.019824789888595713
133.0	134.0	0.009861853719680852
133.0	155.0	0.14087369588991244
134.0	135.0	0.026643931027750395
134.0	155.0	0.1310118421702316
134.0	156.0	0.1427777172183588
135.0	136.0	0.03627807051818992
135.0	156.0	0.1161337861906084
135.0	157.0	0.13647934643102666
136.0	137.0	0.03746166839565814
136.0	157.0	0.10179423286644501
136.0	158.0	0.12401101532248929
137.0	138.0	0.029444821216801503
137.0	158.0	0.08947241355166774
137.0	159.0	0.10837200728438597
138.0	139.0	0.015697427349818452
138.0	159.0	0.08223595045564772
138.0	160.0	0.0937919932313059
139.0	140.0	0.010534467231543759
139.0	160.0	0.08076373878707616
139.0	161.0	0.08451444880098016
140.0	141.0	0.010922637929486511
140.0	161.0	0.07525564464879786
140.0	162.0	0.0697939100047135
141.0	142.0	0.005744035911877262
141.0	162.0	0.059623651119032145
141.0	163.0	0.04800305919648059
142.0	163.0	0.04218305909932035
142.0	164.0	0.037437338103290904
149.0	150.0	0.0003922487492609029
149.0	171.0	0.027990688021164074
150.0	151.0	0.0013246873421304828
150.0	171.0	0.02759843927190317
150.0	172.0	0.02601093257169347
151.0	152.0	0.0020292815504975516
151.0	172.0	0.024686245229562986
151.0	173.0	0.024479358232029666
152.0	153.0	0.0019545869515429463
152.0	173.0	0.022450076681532115
152.0	174.0	0.023173537444361784
153.0	154.0	0.0011789475366758484
153.0	174.0	0.021218950492818835
153.0	175.0	0.02200056714132976
154.0	175.0	0.02082161960465391
154.0	176.0	0.021109603591013007
155.0	156.0	0.011765875048127218
155.0	177.0	0.1282038333287954
155.0	178.0	0.13191588578182578
156.0	157.0	0.02034556024041824
156.0	178.0	0.12015001073369858
156.0	179.0	0.1301817935949821
157.0	158.0	0.02380973940965256
157.0	179.0	0.10983623335456386
157.0	180.0	0.12338016990810652
158.0	159.0	0.021654759304286907
158.0	180.0	0.100882994717056
158.0	181.0	0.11314486546144664
159.0	160.0	0.014526656545627273
159.0	181.0	0.09382679471198974
159.0	182.0	0.10266061863644353
160.0	161.0	0.005631474002727049
160.0	182.0	0.09030414513275167
160.0	183.0	0.09223899827562004
161.0	162.0	0.005461734644084375
161.0	183.0	0.0884816339669957
161.0	184.0	0.08050099516800374
162.0	163.0	0.012835006096020493
162.0	184.0	0.08596272981208812
162.0	185.0	0.05082812106466284
163.0	164.0	0.0076310030955089765
163.0	185.0	0.06486703865785473
163.0	186.0	0.020115138993495627
164.0	186.0	0.029806422087456434
171.0	172.0	0.0015875067002097017
171.0	193.0	0.03259385323669628
171.0	194.0	0.024582785880301633
172.0	173.0	0.00020688699753331787
172.0	194.0	0.026170292580511335
172.0	195.0	0.02314628026237396
173.0	174.0	0.0007234607628296661
173.0	195.0	0.023353167259907277
173.0	196.0	0.022645936127021114
174.0	175.0	0.0007816166485109235
174.0	196.0	0.02192247536419145
174.0	197.0	0.022411868117584086
175.0	176.0	0.00028798398635909267
175.0	197.0	0.021630251469073162
175.0	198.0	0.021685568271017565
176.0	198.0	0.021397584284658475
177.0	178.0	0.0037120524530303723
177.0	199.0	0.12449173671249339
178.0	179.0	0.01003178286128354
178.0	199.0	0.120779684259463
178.0	200.0	0.12496638364380178
179.0	180.0	0.013543936553542656
179.0	200.0	0.11493460078251824
179.0	201.0	0.12157122066864715
180.0	181.0	0.013574434962992689
180.0	201.0	0.10827054499437556
180.0	202.0	0.11489274614401018
181.0	182.0	0.010393876527633062
181.0	202.0	0.10241107859590245
181.0	203.0	0.1067167289415922
182.0	183.0	0.00425494601579164
182.0	203.0	0.09855035577523572
182.0	204.0	0.09973073903648882
183.0	184.0	0.007837818547588311
183.0	204.0	0.09691949678151551
183.0	205.0	0.09395252307726856
184.0	185.0	0.035918056854512534
184.0	205.0	0.10161007086130586
184.0	206.0	0.09293381263476075
185.0	186.0	0.04992170772378868
185.0	206.0	0.12969885073047238
193.0	194.0	0.008011067356394647
193.0	214.0	0.023286160667226927
193.0	215.0	0.017318765000018006
194.0	195.0	0.003024012318137372
194.0	215.0	0.025437706564280974
194.0	216.0	0.02032832771194044
195.0	196.0	0.0007072311328861639
195.0	216.0	0.023387179037380235
195.0	217.0	0.020795499674151362
196.0	197.0	0.0004893927533926349
196.0	217.0	0.021502730807037525
196.0	218.0	0.02186906536990932
197.0	198.0	5.531680194440553e-5
197.0	218.0	0.02137569783114123
197.0	219.0	0.023100501028760382
198.0	219.0	0.023039849545374906
198.0	220.0	0.020098623687336017
199.0	200.0	0.004186699384338771
199.0	221.0	0.119767713959013
199.0	222.0	0.12131695742437473
200.0	201.0	0.006636619886128912
200.0	222.0	0.11713025804003595
200.0	223.0	0.12032079957300088
201.0	202.0	0.006865462028905683
201.0	223.0	0.11368417968687196
201.0	224.0	0.11568544853146245
202.0	203.0	0.0053984177605747264
202.0	224.0	0.10918827040692004
202.0	225.0	0.10885811345949065
203.0	204.0	0.002752200339676705
203.0	225.0	0.1043658314612558
203.0	226.0	0.10284963205174408
204.0	205.0	0.0029461958219430557
204.0	226.0	0.10134546847193725
204.0	227.0	0.09919331873994407
205.0	206.0	0.008676258226545115
205.0	227.0	0.1021226422221128
205.0	228.0	0.09916993232416532
206.0	228.0	0.10784619055071043
206.0	229.0	0.10611025960245209
214.0	215.0	0.006279351824001725
214.0	236.0	0.01358080156740597
214.0	237.0	0.015984710705789086
215.0	216.0	0.005129502970466884
215.0	237.0	0.02399366701715651
215.0	238.0	0.017612957101719152
216.0	217.0	0.002352098803103538
216.0	238.0	0.022897542224695547
216.0	239.0	0.018040567760372127
217.0	218.0	0.00019169213232566793
217.0	239.0	0.020160402820085445
217.0	240.0	0.01959404838524352
218.0	219.0	0.00014913918813310066
218.0	240.0	0.019559151022287335
218.0	241.0	0.024026458587949218
219.0	220.0	0.001002940364173178
219.0	241.0	0.02703518089529279
219.0	242.0	0.01995899363738067
220.0	242.0	0.01909570188002413
221.0	222.0	0.0015492434653617212
221.0	243.0	0.11821849875794974
222.0	223.0	0.003190541532964922
222.0	243.0	0.11666925529258802
222.0	244.0	0.12013674917196443
223.0	224.0	0.0020012688445905005
223.0	244.0	0.11694620763899952
223.0	245.0	0.11824808104625834
224.0	225.0	0.0014439783927387756
224.0	245.0	0.11624681220166783
224.0	246.0	0.1102218118716847
225.0	226.0	0.0019871453947065115
225.0	246.0	0.11058484980642705
225.0	247.0	0.10278239771867131
226.0	227.0	0.002151794220204448
226.0	247.0	0.10413191308517383
226.0	248.0	0.09997080670345851
227.0	228.0	0.0029527098979474937
227.0	248.0	0.10190874707949088
227.0	249.0	0.10020819647770632
228.0	229.0	0.0017359309482583457
228.0	249.0	0.10316090637565381
228.0	250.0	0.10263862967452622
229.0	250.0	0.10437456062278457
236.0	237.0	0.0007166300667754495
236.0	258.0	0.014297431340203412
237.0	238.0	0.0034809262808210093
237.0	258.0	0.018303378421799806
237.0	259.0	0.024439303764676217
238.0	239.0	0.003884629574759026
238.0	259.0	0.023423980186017768
238.0	260.0	0.017490238885305133
239.0	240.0	0.0020065149355257867
239.0	260.0	0.020713423345909917
239.0	261.0	0.015609455180169731
240.0	241.0	0.0003250196774721163
240.0	261.0	0.018731033191978844
240.0	262.0	0.018090659361429104
241.0	242.0	0.001044450337822935
241.0	262.0	0.02195989776100305
241.0	263.0	0.030471247326238907
242.0	263.0	0.02250075082297723
242.0	264.0	0.015509517702447073
243.0	244.0	0.003467493879376419
243.0	265.0	0.11513328293982235
243.0	266.0	0.11628704322675568
244.0	245.0	0.0013018734072588196
244.0	266.0	0.11281954934737926
244.0	267.0	0.12642910115668549
245.0	246.0	0.006978742178440701
245.0	267.0	0.12497890721754312
245.0	268.0	0.1168429263716342
246.0	247.0	0.00844008211595972
246.0	268.0	0.1236011851364871
246.0	269.0	0.09826636999637697
247.0	248.0	0.004374960225887399
247.0	269.0	0.10606416480843778
247.0	270.0	0.0965276831145363
248.0	249.0	0.0017005506017845745
248.0	270.0	0.10052246988462206
248.0	271.0	0.09855098373041457
249.0	250.0	0.0005222767011275858
249.0	271.0	0.1001694820183157
249.0	272.0	0.10202153632570116
250.0	272.0	0.10254381302682875
250.0	273.0	0.10394739811467173
258.0	259.0	0.0010699933686058737
258.0	280.0	0.015838156946272056
258.0	281.0	0.017832659182844754
259.0	260.0	0.0032049183105194094
259.0	281.0	0.027170226266405112
259.0	282.0	0.022828016545055015
260.0	261.0	0.0030828154726731003
260.0	282.0	0.021757935655557385
260.0	283.0	0.01632366103514371
261.0	262.0	0.002007190445590612
261.0	283.0	0.01718174026850324
261.0	284.0	0.016083151807960265
262.0	263.0	0.0013982745783343129
262.0	284.0	0.019323562567707578
262.0	285.0	0.020118098647303642
263.0	264.0	0.0002435248357129621
263.0	285.0	0.030164197923177163
263.0	286.0	0.02165306497760927
264.0	286.0	0.015265995311232329
265.0	266.0	0.0011537602869333338
265.0	287.0	0.11397955027443621
266.0	267.0	0.0007561856734230024
266.0	287.0	0.11282578998750287
266.0	288.0	0.11667843692160207
267.0	268.0	0.009081356012530186
267.0	288.0	0.1305676977244764
267.0	289.0	0.12995611733444745
268.0	269.0	0.01548425656905809
268.0	289.0	0.13804033340620714
268.0	290.0	0.10864578005171299
269.0	270.0	0.009916655149703123
269.0	290.0	0.11179849581560733
269.0	291.0	0.08676592002167348
270.0	271.0	0.0020535384680909347
270.0	291.0	0.09623887277078495
270.0	292.0	0.09282956334236082
271.0	272.0	0.002289348577940338
271.0	292.0	0.09462158556614829
271.0	293.0	0.10015747315853352
272.0	273.0	0.0015581516957670744
272.0	293.0	0.09825925573740024
272.0	294.0	0.10675471297326801
273.0	294.0	0.10535112788542503
280.0	281.0	0.002008353547205773
280.0	302.0	0.017846516982169734
281.0	282.0	0.002719339138319947
281.0	302.0	0.024206079463760712
281.0	303.0	0.02150782157182745
282.0	283.0	0.0008619530671497575
282.0	303.0	0.022638522197687985
282.0	304.0	0.02009007492929906
283.0	284.0	0.0011987487298081188
283.0	304.0	0.01699209287441214
283.0	305.0	0.01685011755602376
284.0	285.0	0.0030153238453544335
284.0	305.0	0.018306695789076843
284.0	306.0	0.018916599124211734
285.0	286.0	0.0019378278440742643
285.0	306.0	0.028665677209625488
285.0	307.0	0.020539128893850372
286.0	307.0	0.019006487226497365
286.0	308.0	0.015974748906268547
287.0	288.0	0.007189389206506944
287.0	309.0	0.1201871655546648
287.0	310.0	0.11357284067846904
288.0	289.0	0.013465210142944592
288.0	310.0	0.1314063519080035
288.0	311.0	0.12188804016989412
289.0	290.0	0.019162218774813573
289.0	311.0	0.14548141978593448
289.0	312.0	0.1280605670533974
290.0	291.0	0.017299225077397222
290.0	312.0	0.1337265058796513
290.0	313.0	0.08462764019591067
291.0	292.0	0.003670825672727595
291.0	313.0	0.09273651838001014
291.0	314.0	0.07659024796695782
292.0	293.0	0.005929555769666302
292.0	314.0	0.07986714703215556
292.0	315.0	0.0983851755749385
293.0	294.0	0.008739803727301853
293.0	315.0	0.09267235257432233
293.0	316.0	0.10275994013298949
294.0	316.0	0.09419720991519856
294.0	317.0	0.12640429455991387
302.0	303.0	0.0024030022912509786
302.0	324.0	0.023220173520131684
302.0	325.0	0.021235432890183627
303.0	304.0	0.0018031465344039844
303.0	325.0	0.023910585046038275
303.0	326.0	0.019635912245202808
304.0	305.0	0.00221937697535381
304.0	326.0	0.021167775994803774
304.0	327.0	0.016330619516472307
305.0	306.0	0.0038902673844129687
305.0	327.0	0.02054652842544558
305.0	328.0	0.016281171498562924
306.0	307.0	0.0027597117930710617
306.0	328.0	0.02358793495463473
306.0	329.0	0.022863795274696973
307.0	308.0	0.0006886295518926618
307.0	329.0	0.020710902559974313
307.0	330.0	0.016763642911441463
308.0	330.0	0.015286122162453543
309.0	310.0	0.0066836901361852046
309.0	331.0	0.1268014761226039
310.0	311.0	0.016613709921149106
310.0	331.0	0.13341580099879963
310.0	332.0	0.12135808260572759
311.0	312.0	0.020010694354058153
311.0	332.0	0.14494478044544368
311.0	333.0	0.1256917417003172
312.0	313.0	0.037716156268705045
312.0	333.0	0.14769203169448786
312.0	334.0	0.13172977566557104
313.0	314.0	0.01633684148361006
313.0	334.0	0.1555670881276428
314.0	315.0	0.018718596850747872
314.0	336.0	0.12181104201343841
315.0	316.0	0.010304320327717277
315.0	336.0	0.10313706161835547
315.0	337.0	0.09616290785595773
316.0	317.0	0.03235747312014776
316.0	337.0	0.08595191355060734
316.0	338.0	0.0888685262491653
317.0	318.0	0.034074701658583534
317.0	338.0	0.05654427390012898
317.0	339.0	0.06814939401307617
318.0	339.0	0.03407469235449263
324.0	325.0	0.0019847406299480595
324.0	346.0	0.02520492156596054
325.0	326.0	0.004220582499882728
325.0	346.0	0.027189704676806255
325.0	347.0	0.020192167658481995
326.0	327.0	0.004837156478331464
326.0	347.0	0.024425980883803697
326.0	348.0	0.01699427662514293
327.0	328.0	0.004883799741155636
327.0	348.0	0.021831433103474393
327.0	349.0	0.01509235563879819
328.0	329.0	0.0032907407908450755
328.0	349.0	0.020790153164316146
328.0	350.0	0.017485901489233954
329.0	330.0	0.0006854489732146124
329.0	350.0	0.02325772470788576
329.0	351.0	0.017711688701167135
330.0	351.0	0.015841607847883125
330.0	352.0	0.015522707401181508
331.0	332.0	0.012157931243632531
331.0	353.0	0.13936038586892446
331.0	354.0	0.13291462905678275
332.0	333.0	0.01836215859359537
332.0	354.0	0.14497234744985482
332.0	355.0	0.12745081305706107
333.0	334.0	0.0148852510293764
333.0	355.0	0.14562872763221607
333.0	356.0	0.12423751908724374
334.0	356.0	0.13889778936375594
334.0	357.0	0.13373891991588532
336.0	337.0	0.0071648334910041364
336.0	358.0	0.14169808828469727
336.0	359.0	0.09021261195637637
337.0	338.0	0.0030099387209248495
337.0	359.0	0.0972007472652583
337.0	360.0	0.07493987123710356
338.0	339.0	0.011638340884058629
338.0	360.0	0.07195967157049141
338.0	361.0	0.06482126998594695
339.0	361.0	0.05318292910188832
339.0	362.0	0.06067945776145493
346.0	347.0	0.007082339871291608
346.0	368.0	0.03819523114727514
346.0	369.0	0.02128174036156808
347.0	348.0	0.0073784304254712815
347.0	369.0	0.028435548734842917
347.0	370.0	0.016478688097949626
348.0	349.0	0.006739077464676203
348.0	370.0	0.02378256469495711
348.0	371.0	0.014403794242796069
349.0	350.0	0.005728937212542123
349.0	371.0	0.021142871707472272
349.0	372.0	0.013729501593078945
350.0	351.0	0.0024115606355938667
350.0	372.0	0.021185376547264823
350.0	373.0	0.01624087158365005
351.0	352.0	0.00031646089322371024
351.0	373.0	0.01656840830692529
351.0	374.0	0.014889786476643005
352.0	374.0	0.015206247369866713
353.0	354.0	0.0064900903989419355
353.0	375.0	0.14580621980353836
354.0	355.0	0.01764717733235868
354.0	375.0	0.15225197661568005
354.0	376.0	0.13671093487502955
355.0	356.0	0.021588956792600242
355.0	376.0	0.15468345405333803
355.0	377.0	0.12226565236838965
356.0	357.0	0.005570829012999527
356.0	377.0	0.144207446803002
356.0	378.0	0.10280595402803822
357.0	358.0	0.041491201149097004
357.0	378.0	0.10818590570966988
357.0	379.0	0.06135535951623041
358.0	359.0	0.0516621745104431
358.0	379.0	0.10263804740733865
358.0	380.0	0.049419074751758385
359.0	360.0	0.022441630700529965
359.0	380.0	0.10089299401590879
359.0	381.0	0.0573218951252333
360.0	361.0	0.0073247376855576935
360.0	381.0	0.0795645864299386
360.0	382.0	0.052252015704420535
361.0	362.0	0.0074965286595666016
361.0	382.0	0.05936205324086878
361.0	383.0	0.044038350526475534
362.0	383.0	0.03654182186690893
362.0	384.0	0.03163411578343332
368.0	369.0	0.016941695665916672
368.0	389.0	0.04095579607113557
368.0	390.0	0.014181127069158514
369.0	370.0	0.011907142516753231
369.0	390.0	0.03113723461126378
369.0	391.0	0.013545504340594029
370.0	371.0	0.009378770452161043
370.0	391.0	0.02544015783307458
370.0	392.0	0.012292724497849905
371.0	372.0	0.007413370114393328
371.0	392.0	0.02167149495001095
371.0	393.0	0.011909771059294683
372.0	373.0	0.00439205869507291
372.0	393.0	0.01932314117368801
372.0	394.0	0.012570422173798832
373.0	374.0	0.0016786218302822864
373.0	394.0	0.016962480868871744
373.0	395.0	0.013133364673016193
374.0	395.0	0.01481198650329848
374.0	396.0	0.013605431200732883
375.0	376.0	0.01953838524481702
375.0	397.0	0.16764233142409596
375.0	398.0	0.14987572259836388
376.0	377.0	0.03342750138582127
376.0	398.0	0.17319319490574275
376.0	399.0	0.1320153622569117
377.0	378.0	0.03974542358577089
377.0	399.0	0.16550419350144155
377.0	400.0	0.10722034792393073
378.0	379.0	0.047252873521677806
378.0	400.0	0.14615006997268548
378.0	401.0	0.0722880212335866
379.0	380.0	0.05317781508760578
379.0	401.0	0.12146587384421406
379.0	402.0	0.04836366042569128
380.0	381.0	0.04377003828650014
380.0	402.0	0.1011482827458136
380.0	403.0	0.03977553068621335
381.0	382.0	0.02752727087462752
381.0	403.0	0.08359341135873927
381.0	404.0	0.037078245461052275
382.0	383.0	0.015578239859936907
382.0	404.0	0.06644720119648856
382.0	405.0	0.033262985407060144
383.0	384.0	0.0060716001479123195
383.0	405.0	0.051319649614750495
383.0	406.0	0.019721639081194193
384.0	385.0	0.006894145187669661
384.0	406.0	0.026232945792345762
384.0	407.0	0.006188927685162528
385.0	386.0	0.015832388841732613
385.0	407.0	0.013803344465435321
385.0	408.0	0.004865100912614001
386.0	387.0	0.021246810043769493
386.0	408.0	0.012902957083124443
386.0	409.0	0.007488515932511603
387.0	388.0	0.026915616984734516
387.0	409.0	0.014237558879380113
387.0	410.0	0.008568739406599822
388.0	389.0	0.0370321223060317
388.0	410.0	0.018346877578134697
388.0	411.0	0.008230374499536588
389.0	390.0	0.026783855907519402
389.0	411.0	0.02880174780649511
389.0	412.0	0.001905806726062925
390.0	391.0	0.017592648616908794
390.0	412.0	0.02869009013025078
390.0	413.0	0.007437085839453791
391.0	392.0	0.01314067756414624
391.0	413.0	0.026150052858784988
391.0	414.0	0.008383642441934569
392.0	393.0	0.009761723890716265
392.0	414.0	0.021678305270292554
392.0	415.0	0.008906956881565238
393.0	394.0	0.00675271899988918
393.0	415.0	0.018668680772281503
393.0	416.0	0.009555223500948198
394.0	395.0	0.0038291161958555493
394.0	416.0	0.016307942500837377
394.0	417.0	0.010301358462535718
395.0	396.0	0.0012065553025655952
395.0	417.0	0.014130474658391266
395.0	418.0	0.011192313628734931
396.0	418.0	0.012398868931300527
397.0	398.0	0.017800230185459807
397.0	419.0	0.18540886105526122
398.0	399.0	0.045788375437130005
398.0	419.0	0.20317546988099333
398.0	420.0	0.14781168124847094
399.0	400.0	0.06500378008423294
399.0	420.0	0.1982563327909298
399.0	421.0	0.11841206059153042
400.0	401.0	0.07665015099815203
400.0	421.0	0.1920610834513874
400.0	422.0	0.07289042279158697
401.0	402.0	0.07116165610730482
401.0	422.0	0.1429705949112598
401.0	423.0	0.045244671298584595
402.0	403.0	0.061942536031860354
402.0	423.0	0.11058335858552881
402.0	424.0	0.029684435082004076
403.0	404.0	0.052831790295519473
403.0	424.0	0.09215758269376723
403.0	425.0	0.022087403106158476
404.0	405.0	0.04321482745824075
404.0	425.0	0.07604336149257676
404.0	426.0	0.017851447881334047
405.0	406.0	0.03079565972172868
405.0	426.0	0.059694771797887486
405.0	427.0	0.012477122260643767
406.0	407.0	0.024257802827033877
406.0	427.0	0.03794139391689065
406.0	428.0	0.0014596387937797978
407.0	408.0	0.021465576261184845
407.0	428.0	0.024508796522321623
407.0	429.0	0.0076611647252190895
408.0	409.0	0.02137347364722022
408.0	429.0	0.016997078160829883
408.0	430.0	0.00905126978642605
409.0	410.0	0.023224056264112742
409.0	430.0	0.01582413496401617
409.0	431.0	0.0072244656155123314
410.0	411.0	0.02657725207767128
410.0	431.0	0.017405443013690902
410.0	432.0	0.004274094789182117
411.0	412.0	0.026895941080432185
411.0	432.0	0.022303157288489167
411.0	433.0	0.0014130704343120032
412.0	413.0	0.023076533037477663
412.0	433.0	0.02548287064612018
412.0	434.0	0.001293637969040975
413.0	414.0	0.01756595273739573
413.0	434.0	0.024452622640530004
413.0	435.0	0.0036239385179001595
414.0	415.0	0.012658859932360409
414.0	435.0	0.020050226776442758
414.0	436.0	0.005104622563561506
415.0	416.0	0.009113457271333303
415.0	436.0	0.017541940410926587
415.0	437.0	0.006488291102687829
416.0	417.0	0.006006584038301659
416.0	437.0	0.015601748374021134
416.0	438.0	0.00715454152656334
417.0	418.0	0.0029381610296563363
417.0	438.0	0.013161125564865
417.0	439.0	0.008202274100613489
418.0	439.0	0.011140435130269823
418.0	440.0	0.009512571352979957
419.0	420.0	0.05543328228422688
419.0	441.0	0.24417426260892683
419.0	442.0	0.19978381425297537
420.0	421.0	0.09572608396062461
420.0	442.0	0.2551675383184666
420.0	443.0	0.13113232209082842
421.0	422.0	0.10410470027491153
421.0	443.0	0.238954171212391
421.0	444.0	0.07984292462444384
422.0	423.0	0.0930314263563877
422.0	444.0	0.16936043817537932
422.0	445.0	0.03538918016954164
423.0	424.0	0.0825867329721448
423.0	445.0	0.12824176283280317
423.0	446.0	0.017100870857637708
424.0	425.0	0.06968600961706232
424.0	446.0	0.09980747029972237
424.0	447.0	0.00911089666748073
425.0	426.0	0.055369398851933746
425.0	447.0	0.07809016421185327
425.0	448.0	0.005711062164658064
426.0	427.0	0.04242839752702303
426.0	448.0	0.061143165163336136
426.0	449.0	0.003443321559580175
427.0	428.0	0.03521602589592389
427.0	449.0	0.04510383151202991
427.0	450.0	0.002166097248366775
428.0	429.0	0.033578965140500586
428.0	450.0	0.03165444093245369
428.0	451.0	0.0075865073069474424
429.0	430.0	0.030357660992589852
429.0	451.0	0.023622357295724056
429.0	452.0	0.01750767914834849
430.0	431.0	0.025744558862047517
430.0	452.0	0.016405219853404113
430.0	453.0	0.014245384474004922
431.0	432.0	0.022088239268999818
431.0	453.0	0.01619219621071281
431.0	454.0	0.009667532396050837
432.0	433.0	0.023716227722801166
432.0	454.0	0.021575759816486864
432.0	455.0	0.001918705893128014
433.0	434.0	0.024189232677079207
433.0	455.0	0.02675241136244086
433.0	456.0	0.0022095863949932733
434.0	435.0	0.019721376941922053
434.0	456.0	0.022648017789738507
434.0	457.0	0.001369603323138474
435.0	436.0	0.014727126004683969
435.0	457.0	0.01855239319389132
435.0	458.0	0.00012768649199742849
436.0	437.0	0.01105364930823876
436.0	458.0	0.0157326533259146
436.0	459.0	0.003240421669028353
437.0	438.0	0.008447206847457794
437.0	459.0	0.015899516431786942
437.0	460.0	0.0035840719678357355
438.0	439.0	0.004958851464251512
438.0	460.0	0.012031278815293528
438.0	461.0	0.004796018714623316
439.0	440.0	0.0016278637772898668
439.0	461.0	0.009754870178874827
439.0	462.0	0.006256839548008753
440.0	462.0	0.007884703325298621
441.0	442.0	0.04441731082341694
441.0	463.0	0.28856490210583446
442.0	443.0	0.12410735755993786
442.0	463.0	0.3329553504617859
442.0	464.0	0.20163508444355704
443.0	444.0	0.14889521069777575
443.0	464.0	0.325664164633358
443.0	465.0	0.06916089369612484
444.0	445.0	0.1336426968748068
444.0	465.0	0.2189255904502857
444.0	466.0	0.014980551784175018
445.0	446.0	0.1113211090529182
445.0	466.0	0.14638608352274501
445.0	467.0	0.005255547152649186
446.0	447.0	0.09048358718436506
446.0	467.0	0.10606556190026903
446.0	468.0	0.010174958540560906
447.0	448.0	0.07275139865065201
447.0	468.0	0.08018562329320651
447.0	469.0	0.010900029155250856
448.0	449.0	0.057002626699003356
448.0	469.0	0.06104843298589571
448.0	470.0	0.010124921705300216
449.0	450.0	0.04527944570511872
449.0	470.0	0.046620764534534884
449.0	471.0	0.009991467347000915
450.0	451.0	0.03919916060850201
450.0	471.0	0.035287978358117804
450.0	472.0	0.011879891973381036
451.0	452.0	0.03696319720594712
451.0	472.0	0.027319268635120974
451.0	473.0	0.013519377682368671
452.0	453.0	0.0344245203940963
452.0	473.0	0.024307502148807583
452.0	474.0	0.027948628415132674
453.0	454.0	0.03955123972909534
453.0	474.0	0.025679564684919734
453.0	475.0	0.018606055332822342
454.0	455.0	0.03221884971753221
454.0	475.0	0.02520303538623768
454.0	476.0	0.02062723501250832
455.0	456.0	0.03033796204828928
455.0	476.0	0.03220543183908631
455.0	477.0	0.009252629564253375
456.0	457.0	0.024301104590659685
456.0	477.0	0.021535755673615143
456.0	478.0	0.0071341720450686045
457.0	458.0	0.019543818340032264
457.0	478.0	0.017663508680246444
457.0	479.0	0.005238011906612193
458.0	459.0	0.014704237440737098
458.0	479.0	0.014005093414685338
458.0	480.0	0.0029845186952521642
459.0	460.0	0.01179488949708202
459.0	480.0	0.016710787452100535
459.0	481.0	0.00048021026122725566
460.0	461.0	0.007235260100670213
460.0	481.0	0.010188861805731392
460.0	482.0	0.0008668432516810839
461.0	462.0	0.003498030630866074
461.0	482.0	0.008102103352351297
461.0	483.0	0.0027115413441993978
462.0	483.0	0.006209571975065472
462.0	484.0	0.004433932028309192
463.0	464.0	0.13137058165706178
463.0	485.0	0.25094682955574193
463.0	486.0	0.5018936123391249
464.0	465.0	0.2566019237798469
464.0	486.0	0.6332147157512332
464.0	487.0	0.019267873768767606
465.0	466.0	0.20120297601354634
465.0	487.0	0.27579728066290543
465.0	488.0	0.043229329715186185
466.0	467.0	0.1516416306753942
466.0	488.0	0.15797364629836014
466.0	489.0	0.04630847930430028
467.0	468.0	0.11624052044082991
467.0	489.0	0.10533315137109393
467.0	490.0	0.03992412257392293
468.0	469.0	0.08999766818940819
468.0	490.0	0.076316397866907
468.0	491.0	0.03254851876740267
469.0	470.0	0.07078324782829899
469.0	491.0	0.057449149422005505
469.0	492.0	0.02651513425099956
470.0	471.0	0.056612231881535795
470.0	492.0	0.04426811357729944
470.0	493.0	0.021943273025807557
471.0	472.0	0.04716787033149884
471.0	493.0	0.03466895885572824
471.0	494.0	0.01881686002893732
472.0	473.0	0.04447878572734136
472.0	494.0	0.02835101030256152
472.0	495.0	0.015600817194915895
473.0	474.0	0.05017149680315522
473.0	495.0	0.026799247090223355
473.0	496.0	0.010318530773200576
474.0	475.0	0.06527428626104648
474.0	496.0	0.02360325495252161
474.0	497.0	0.010769680109440299
475.0	476.0	0.06244018649505281
475.0	497.0	0.013995613840051435
475.0	498.0	0.01023287590332336
476.0	477.0	0.045590550268805
476.0	498.0	0.011386613519293988
476.0	499.0	0.016658232855379866
477.0	478.0	0.03004528307423309
477.0	499.0	0.010646558424478201
477.0	500.0	0.01390872941914831
478.0	479.0	0.023064238712533713
478.0	500.0	0.013167372720843954
478.0	501.0	0.009619102835390622
479.0	480.0	0.021004534128080465
479.0	501.0	0.01278565616811942
479.0	502.0	0.0060782964528479045
480.0	481.0	0.014937946124735878
480.0	502.0	0.01238707860825684
480.0	503.0	0.004727412016587239
481.0	482.0	0.009296153083569349
481.0	503.0	0.007152689192077202
481.0	504.0	0.0030858503200115604
482.0	483.0	0.005390562008151899
482.0	504.0	0.006030364561072678
482.0	505.0	0.0009670262055075851
483.0	484.0	0.0017756399467562804
483.0	505.0	0.004423535802644315
483.0	506.0	0.0008826383549473331
484.0	506.0	0.0026582783017036135
485.0	486.0	0.250946782783383
486.0	487.0	0.6140193588681747
487.0	488.0	0.3190266103780916
488.0	489.0	0.20428212560266043
489.0	490.0	0.14525727394501686
490.0	491.0	0.10886491663430967
491.0	492.0	0.08396428367300507
492.0	493.0	0.06621138660310699
493.0	494.0	0.053485818884665554
494.0	495.0	0.04395182749747742
495.0	496.0	0.03275355081455723
496.0	497.0	0.019468923481576486
497.0	498.0	0.016243055927980116
498.0	499.0	0.015089375920255416
499.0	500.0	0.021101077104150136
500.0	501.0	0.021842448054581638
501.0	502.0	0.01867591606916355
502.0	503.0	0.012367146137557626
503.0	504.0	0.009941886600625456
504.0	505.0	0.006997390766580263
505.0	506.0	0.0035408974476969814
