1.0	2.0	0.2053159413875588
2.0	3.0	0.1618307229402411
3.0	4.0	0.04584878170564913
4.0	5.0	0.017416678005776086
5.0	6.0	0.008188226123868882
6.0	7.0	0.004412700530803986
7.0	8.0	0.002564503666815048
8.0	9.0	0.0015423689763924974
9.0	10.0	0.0009516865415663805
10.0	11.0	0.0006293627008483487
11.0	12.0	0.00048181915126838175
12.0	13.0	0.00042915806282393113
13.0	14.0	0.0004129075379374086
14.0	15.0	0.00040537351313619206
15.0	16.0	0.00039261390402169587
16.0	17.0	0.00035561768862513393
17.0	18.0	0.00028401670986688115
18.0	19.0	0.0002002202046412842
19.0	20.0	0.00012969417996511675
20.0	21.0	7.576207873846151e-5
21.0	22.0	3.438995119228742e-5
1.0	23.0	0.20531594138755482
2.0	23.0	0.41063188277511364
2.0	24.0	0.22222149258459253
3.0	24.0	0.06039076964435144
23.0	24.0	0.18841039019052108
3.0	25.0	0.055590969502450543
4.0	25.0	0.009742187796801414
24.0	25.0	0.004799800141900896
4.0	26.0	0.01869003798435055
5.0	26.0	0.0012733599785744647
25.0	26.0	0.008947850187549136
5.0	27.0	0.007955103699394998
6.0	27.0	0.0002331224244738833
26.0	27.0	0.006681743720820534
6.0	28.0	0.004008617390836644
7.0	28.0	0.00040408313996734247
27.0	28.0	0.004241739815310527
7.0	29.0	0.002252301563026934
8.0	29.0	0.00031220210378811426
28.0	29.0	0.0026563847029942764
8.0	30.0	0.0013343401053920387
9.0	30.0	0.00020802887100045874
29.0	30.0	0.001646542209180153
9.0	31.0	0.0007986896266748042
10.0	31.0	0.0001529969148915763
30.0	31.0	0.0010067184976752627
10.0	32.0	0.0004753085277284649
11.0	32.0	0.00015405417311988378
31.0	32.0	0.0006283054426200412
11.0	33.0	0.00030159672675714465
12.0	33.0	0.00018022242451123713
32.0	33.0	0.0004556508998770284
12.0	34.0	0.00023288183030682307
13.0	34.0	0.00019627623251710803
33.0	34.0	0.0004131042548180602
13.0	35.0	0.0002125220414792684
14.0	35.0	0.0002003854964581402
34.0	35.0	0.00040879827399637646
14.0	36.0	0.00020791982685380427
15.0	36.0	0.00019745368628238777
35.0	36.0	0.00040830532331194447
15.0	37.0	0.00021021571202165093
16.0	37.0	0.00018239819200004492
36.0	37.0	0.0004076693983040387
16.0	38.0	0.00021939292056614363
17.0	38.0	0.0001362247680589903
37.0	38.0	0.00040179111256618855
17.0	39.0	0.0002078276397969183
18.0	39.0	7.618907006996286e-5
38.0	39.0	0.0003440524078559086
18.0	40.0	0.00015998870770292443
19.0	40.0	4.023149693835979e-5
39.0	40.0	0.00023617777777288729
19.0	41.0	0.00011075689158779423
20.0	41.0	1.8937288377322525e-5
40.0	41.0	0.00015098838852615402
20.0	42.0	7.28695665963008e-5
21.0	42.0	2.892512142160707e-6
41.0	42.0	9.180685497362332e-5
21.0	43.0	4.426570102477574e-5
22.0	43.0	9.875749832488316e-6
42.0	43.0	4.7158213166936446e-5
22.0	44.0	2.451368072762174e-5
43.0	44.0	1.4637930895133422e-5
23.0	45.0	0.07973125132572144
23.0	46.0	0.11591055837288602
24.0	46.0	0.07249983181763507
45.0	46.0	0.036179307047164586
24.0	47.0	0.026501742084819778
25.0	47.0	0.03130154222672067
46.0	47.0	0.04599808973281529
25.0	48.0	0.020284141595387384
26.0	48.0	0.01133629140783825
47.0	48.0	0.011017400631333288
26.0	49.0	0.010893193206081921
27.0	49.0	0.004211449485261387
48.0	49.0	0.00044309820175632855
27.0	50.0	0.005950510787935024
28.0	50.0	0.0017087709726244962
49.0	50.0	0.001739061302673636
28.0	51.0	0.0034811444168484926
29.0	51.0	0.0008247597138542162
50.0	51.0	0.0017723734442239964
29.0	52.0	0.0021251688213863367
30.0	52.0	0.000478626612206184
51.0	52.0	0.0013004091075321208
30.0	53.0	0.0012874815946573958
31.0	53.0	0.00028076309698213305
52.0	53.0	0.0008088549824512119
31.0	54.0	0.0007433359214687609
32.0	54.0	0.00011503047884871974
53.0	54.0	0.0004625728244866279
32.0	55.0	0.00037888165823231893
33.0	55.0	7.67692416447095e-5
54.0	55.0	0.0002638511793835992
33.0	56.0	0.00024069020812002824
34.0	56.0	0.00017241404669803194
55.0	56.0	0.00031745944976473774
34.0	57.0	0.00021332238044894373
35.0	57.0	0.0001954758935474327
56.0	57.0	0.0003857364271469757
35.0	58.0	0.00020810830398718913
36.0	58.0	0.0002001970193247553
57.0	58.0	0.00040358419753462187
36.0	59.0	0.00021130220652682452
37.0	59.0	0.0001963671917772142
58.0	59.0	0.00041149922585157985
37.0	60.0	0.00023006261737996422
38.0	60.0	0.00017172849518622436
59.0	60.0	0.0004264298091571784
38.0	61.0	0.0003126377525407814
39.0	61.0	3.219087948832411e-5
60.0	61.0	0.00048475368814639125
39.0	62.0	0.0002717028971896798
40.0	62.0	1.4389695337038003e-5
61.0	62.0	0.00030744959008070067
40.0	63.0	0.00019055173822907985
41.0	63.0	1.6240915929818315e-5
62.0	63.0	0.00019366879483503774
41.0	64.0	0.00013475945974661152
42.0	64.0	2.180019174279152e-5
63.0	64.0	0.0001405959078217436
42.0	65.0	9.282548723037987e-5
43.0	65.0	3.252648095620555e-5
64.0	65.0	9.226105771265966e-5
43.0	66.0	5.413289430684044e-5
44.0	66.0	3.9150323280056834e-5
65.0	66.0	3.616215989556698e-5
45.0	67.0	0.043551962549918666
46.0	67.0	0.007372655502754084
46.0	68.0	0.02621924396338546
47.0	68.0	0.019778845769429825
67.0	68.0	0.018846588460631378
47.0	69.0	0.003043812051977971
48.0	69.0	0.014061212683311258
68.0	69.0	0.016735033717451855
48.0	70.0	0.00698489629488893
49.0	70.0	0.007427994496645259
69.0	70.0	0.007076316388422328
49.0	71.0	0.005494444202543754
50.0	71.0	0.003755382899870118
70.0	71.0	0.0019335502941015047
50.0	72.0	0.0038705839048726446
51.0	72.0	0.002098202714537124
71.0	72.0	0.00011518459220032963
51.0	73.0	0.0026797075175837883
52.0	73.0	0.0013792984100516675
72.0	73.0	0.0005815165146378936
52.0	74.0	0.0017160954941701511
53.0	74.0	0.0009072405117189393
73.0	74.0	0.0003367970841184837
53.0	75.0	0.001007312216726004
54.0	75.0	0.0005447393922393759
74.0	75.0	0.00010007170500706453
54.0	76.0	0.0005123634998839873
55.0	76.0	0.00024851232050038816
75.0	76.0	3.237589235538862e-5
61.0	83.0	0.0004577389538644524
62.0	83.0	0.0001443640208598379
62.0	84.0	0.0002554972329184389
63.0	84.0	7.153400675483552e-5
83.0	84.0	0.0001236997073254178
63.0	85.0	0.0001883253395353024
64.0	85.0	5.979848321333318e-5
84.0	85.0	0.00010995884772464582
64.0	86.0	0.00014509287112137213
65.0	86.0	6.552786794527602e-5
85.0	86.0	8.058781700060539e-5
65.0	87.0	0.00011591968130135358
66.0	87.0	5.916889959263205e-5
86.0	87.0	5.035298130522473e-5
66.0	88.0	7.027589377144992e-5
87.0	88.0	1.821503042778724e-5
67.0	89.0	0.013731948734729897
67.0	90.0	0.018346040535961342
68.0	90.0	0.0005005479246700361
89.0	90.0	0.004614091801231445
68.0	91.0	0.009052467643927076
69.0	91.0	0.007682566073524778
90.0	91.0	0.009553015568597114
69.0	92.0	0.00023631310191048958
70.0	92.0	0.0068400032865118384
91.0	92.0	0.007918879175435267
70.0	93.0	0.0024300705695558334
71.0	93.0	0.004363620863657338
92.0	93.0	0.004409932716956005
71.0	94.0	0.00283750332121339
72.0	94.0	0.0027065844429992885
93.0	94.0	0.0021227219055802
72.0	95.0	0.0027959637181445007
73.0	95.0	0.0019503839951712481
94.0	95.0	0.0008074573622781707
73.0	96.0	0.0023534089081049055
74.0	96.0	0.0017405103061225967
95.0	96.0	0.00020272142304859767
74.0	97.0	0.0011195631044307913
75.0	97.0	0.00098837446575933
96.0	97.0	0.000327947347292881
75.0	98.0	0.0006961057321800507
76.0	98.0	0.0007284816245354393
97.0	98.0	7.581718126362765e-5
83.0	105.0	0.00022490327176353346
83.0	106.0	0.00025349161976782555
84.0	106.0	0.0001420042347531543
105.0	106.0	2.469307842222358e-5
84.0	107.0	0.00019876451261155442
85.0	107.0	0.0001117020823367084
106.0	107.0	5.037362221219709e-5
85.0	108.0	0.00016579386081761987
86.0	108.0	9.922496968551476e-5
107.0	108.0	4.606594173345825e-5
86.0	109.0	0.00014163133041153757
87.0	109.0	9.121530275121043e-5
108.0	109.0	3.611865592738072e-5
87.0	110.0	0.00011601206603893055
88.0	110.0	8.84910833063274e-5
109.0	110.0	2.2437208163913894e-5
89.0	111.0	0.009117839566356062
90.0	111.0	0.004503747765124617
90.0	112.0	0.008402816111056335
91.0	112.0	0.001150199457540779
111.0	112.0	0.0038990683459317168
91.0	113.0	0.004154275420841116
92.0	113.0	0.003764603754594152
112.0	113.0	0.005304474878381895
92.0	114.0	0.0006698587797899838
93.0	114.0	0.0037400739371660214
113.0	114.0	0.004434462534384136
93.0	115.0	0.000766488304810456
94.0	115.0	0.0029940062688088827
114.0	115.0	0.0029735856323555654
94.0	116.0	0.0012349173527916833
95.0	116.0	0.002473173646308558
115.0	116.0	0.0019494290211075447
95.0	117.0	0.0016684851413149675
96.0	117.0	0.0028820077635071904
116.0	117.0	0.001398971371236027
96.0	118.0	0.001337018683256338
97.0	118.0	0.0010317871188352508
117.0	118.0	0.0002839582178844398
97.0	119.0	0.000823885214717343
98.0	119.0	0.0006823031784525203
118.0	119.0	1.5539728134106972e-5
98.0	120.0	0.0006664164213122496
119.0	120.0	3.4721214759613738e-6
105.0	127.0	0.00020021091226573963
106.0	127.0	0.00017551783384351605
106.0	128.0	0.0001943015763121931
107.0	128.0	0.00014392795409999602
127.0	128.0	1.878374246867706e-5
107.0	129.0	0.00017085318504203608
108.0	129.0	0.00012478724330857783
128.0	129.0	2.6925230942040076e-5
108.0	130.0	0.00015018356506970565
109.0	130.0	0.00011406490914232494
129.0	130.0	2.5396321761127815e-5
109.0	131.0	0.00013246441738693748
110.0	131.0	0.00011002720922302359
130.0	131.0	1.8399508244612545e-5
110.0	132.0	0.00011691214052653357
131.0	132.0	6.884931303509986e-6
111.0	133.0	0.004295960033418753
111.0	134.0	0.005426557515238928
112.0	134.0	0.0015274891693072116
133.0	134.0	0.0011305974818201752
112.0	135.0	0.0043197273447283
113.0	135.0	0.0009847475336535944
134.0	135.0	0.002792238175421089
113.0	136.0	0.0022443889022636314
114.0	136.0	0.0021900736321205047
135.0	136.0	0.0032291364359172256
114.0	137.0	0.0005806513405863531
115.0	137.0	0.0023929342917692123
136.0	137.0	0.002770724972706858
115.0	138.0	0.0003434484160990685
116.0	138.0	0.0023424882685294398
137.0	138.0	0.002049485875670144
116.0	139.0	0.0008151219387820001
117.0	139.0	0.0021865497792290306
138.0	139.0	0.0013345864527943558
117.0	140.0	0.0012487583386732405
118.0	140.0	0.0011913499257424234
139.0	140.0	0.0006378315396807268
118.0	141.0	0.0009089314586655268
119.0	141.0	0.0007943247516699508
140.0	141.0	0.00024053042136957126
119.0	142.0	0.0006928164689145996
120.0	142.0	0.0006698767978201479
141.0	142.0	9.621184216927989e-5
127.0	149.0	0.0001772508609475965
127.0	150.0	0.0001796971732301544
128.0	150.0	0.00016091343076147735
149.0	150.0	2.446312282557907e-6
128.0	151.0	0.00016917858344992184
129.0	151.0	0.00014225335250788175
150.0	151.0	8.265152688444487e-6
129.0	152.0	0.00015491864681368614
130.0	152.0	0.00012952232505255833
151.0	152.0	1.2665294305804372e-5
130.0	153.0	0.0001417229700240297
131.0	153.0	0.00012332346177941717
152.0	153.0	1.2200644971471396e-5
131.0	154.0	0.00013068313617569367
132.0	154.0	0.00012379820487218367
153.0	154.0	7.359674396276488e-6
133.0	155.0	0.0031653650436811002
134.0	155.0	0.0020347675618609252
134.0	156.0	0.0032576476206085357
135.0	156.0	0.00046540944518744687
155.0	156.0	0.0012228800587476105
135.0	157.0	0.0024326579591130893
136.0	157.0	0.0007964784768041363
156.0	157.0	0.0019672485139256425
136.0	158.0	0.0013091916602885638
137.0	158.0	0.001461533312418294
157.0	158.0	0.0021056701370927
137.0	159.0	0.0003705188928889358
138.0	159.0	0.0016829428745631949
158.0	159.0	0.0018348875009074222
138.0	160.0	0.0002880528803084114
139.0	160.0	0.0016226393331027673
159.0	160.0	0.0013943311872421605
139.0	161.0	0.0006822573386912511
140.0	161.0	0.0013200888783719779
160.0	161.0	0.0009403819944115162
140.0	162.0	0.0007227150475348541
141.0	162.0	0.0009660549654144684
161.0	162.0	0.0005973738308371238
141.0	163.0	0.0005928834420078598
142.0	163.0	0.0006886130822579485
162.0	163.0	0.0003921170355634237
142.0	164.0	0.0005778703263990461
163.0	164.0	0.000158596303490693
149.0	171.0	0.00017480410960203042
150.0	171.0	0.0001723577973194725
150.0	172.0	0.00016243418469616907
151.0	172.0	0.00015416903200772458
171.0	172.0	9.92361262330346e-6
151.0	173.0	0.00015286556022192836
152.0	173.0	0.000140200265916124
172.0	173.0	1.3034717857962215e-6
152.0	174.0	0.00014470864553291823
153.0	174.0	0.00013250800056144684
173.0	174.0	4.50837961679426e-6
153.0	175.0	0.00013738347469601138
154.0	175.0	0.0001300238002997349
174.0	175.0	4.875474134564532e-6
154.0	176.0	0.0001318204697018247
175.0	176.0	1.796669402089834e-6
155.0	177.0	0.0017913293441545418
155.0	178.0	0.0021859371911647717
156.0	178.0	0.0009630571324171611
177.0	178.0	0.00039460784701022986
156.0	179.0	0.0020156493268547577
157.0	179.0	4.8400812929115405e-5
178.0	179.0	0.0010525921944375966
157.0	180.0	0.0014493880277916822
158.0	180.0	0.0006562821093010181
179.0	180.0	0.0014009872148625666
158.0	181.0	0.0007747876379634392
159.0	181.0	0.001058596816819522
180.0	181.0	0.0014310697472644574
159.0	182.0	0.0001867777675100473
160.0	182.0	0.001213348095433899
181.0	182.0	0.001249134073137375
160.0	183.0	0.00024340152379960967
161.0	183.0	0.0011854518900440085
182.0	183.0	0.0009706872109951424
161.0	184.0	0.0004739098531687555
162.0	184.0	0.0010712836840058794
183.0	184.0	0.0007107012531777226
162.0	185.0	0.0004122418456080475
163.0	185.0	0.0008168041659456546
184.0	185.0	0.0006688053158516369
163.0	186.0	0.00023117492534893897
164.0	186.0	0.0004192728069389636
185.0	186.0	0.0006504412328019903
171.0	193.0	0.00020356548981463696
171.0	194.0	0.00015352205253690932
172.0	194.0	0.0001634456651602128
193.0	194.0	5.004343727772765e-5
172.0	195.0	0.00014454370286454127
173.0	195.0	0.0001458471746503375
194.0	195.0	1.8901962295671506e-5
173.0	196.0	0.0001414140129672204
174.0	196.0	0.00013690563335042613
195.0	196.0	4.433161683117111e-6
174.0	197.0	0.00013994961697928252
175.0	197.0	0.000135074142844718
196.0	197.0	3.0439836288564e-6
175.0	198.0	0.00013541367062074562
176.0	198.0	0.00013361700121865578
177.0	199.0	0.001396733188351319
178.0	199.0	0.001002125341341089
178.0	200.0	0.0014889037537810417
179.0	200.0	0.00043631155934344503
199.0	200.0	0.00048677841243995257
179.0	201.0	0.001279356775227032
180.0	201.0	0.00012163043963553455
200.0	201.0	0.0008430452158835871
180.0	202.0	0.0008846860398219727
181.0	202.0	0.0005463837074424846
201.0	202.0	0.0010063164794575073
181.0	203.0	0.0004445317815155154
182.0	203.0	0.0008020051119871711
202.0	203.0	0.000990915488958
182.0	204.0	5.3868658513167864e-5
183.0	204.0	0.0009115478887859294
203.0	204.0	0.0008510340513184652
183.0	205.0	0.00025732896826418235
184.0	205.0	0.000966315839267976
204.0	205.0	0.0006530175919725887
184.0	206.0	0.0005369714870714237
185.0	206.0	0.0012106706597843487
205.0	206.0	0.0004293443521965523
193.0	214.0	0.00014544638598795414
193.0	215.0	0.00010816484781253716
194.0	215.0	0.00015888215236851627
214.0	215.0	3.923003092501025e-5
194.0	216.0	0.00012695026441134028
195.0	216.0	0.00014606999222287933
215.0	216.0	3.2057841480285105e-5
195.0	217.0	0.00012985785473655962
196.0	217.0	0.0001342910164196767
216.0	217.0	1.4716072565449803e-5
196.0	218.0	0.00013655539052161893
197.0	218.0	0.00013348668404689442
217.0	218.0	1.1736796353414053e-6
197.0	219.0	0.00014424368596730114
198.0	219.0	0.00014387141456796495
198.0	220.0	0.00012550061185762795
219.0	220.0	6.2676846451838725e-6
199.0	221.0	0.0008716866807570951
199.0	222.0	0.0010403896858534655
200.0	222.0	0.0005536112734135129
221.0	222.0	0.00016870300509637035
200.0	223.0	0.0010153256344964175
201.0	223.0	0.00017228041861283038
222.0	223.0	0.0004617143610829045
201.0	224.0	0.0008221745272758796
202.0	224.0	0.0001841419521816277
223.0	224.0	0.0006498941086630492
202.0	225.0	0.0005378476077880567
203.0	225.0	0.00045306788116994325
224.0	225.0	0.0007219895599696844
203.0	226.0	0.00023547299259738688
204.0	226.0	0.0006155221547106422
225.0	226.0	0.0006885408737673302
204.0	227.0	4.413284808315921e-5
205.0	227.0	0.0006970352783658879
226.0	227.0	0.0005712949193125816
205.0	228.0	0.00030291684724185813
206.0	228.0	0.0007322611994384104
227.0	228.0	0.00039411843112402976
206.0	229.0	0.0005860247693072469
228.0	229.0	0.00014623643013116352
214.0	236.0	8.483483950738334e-5
214.0	237.0	9.984279365669062e-5
215.0	237.0	0.00014987811964801688
236.0	237.0	4.485035872172218e-6
215.0	238.0	0.00011000011164322557
216.0	238.0	0.00014302732205146392
237.0	238.0	2.1768947817940384e-5
216.0	239.0	0.00011265506828059171
217.0	239.0	0.00012592043807106598
238.0	239.0	2.4299895365729217e-5
217.0	240.0	0.00012234327003742722
218.0	240.0	0.0001221502748478596
239.0	240.0	1.2572307801286979e-5
218.0	241.0	0.00015001633675835977
219.0	241.0	0.00016882111918680663
240.0	241.0	1.9940081011707618e-6
219.0	242.0	0.00012462281424937315
220.0	242.0	0.00011923751024640907
241.0	242.0	6.535238375702759e-6
221.0	243.0	0.0007029797860509882
222.0	243.0	0.0005342767809546179
222.0	244.0	0.000766714981898436
223.0	244.0	0.00030500062081553146
243.0	244.0	0.00023243820094381808
223.0	245.0	0.0006944302985658408
224.0	245.0	4.453618990279157e-5
244.0	245.0	0.0003894296777503094
224.0	246.0	0.0005214071141315751
225.0	246.0	0.00020058244583810936
245.0	246.0	0.00047687092422878346
225.0	247.0	0.0003188150141019975
226.0	247.0	0.00036972585966533263
246.0	247.0	0.0005193974599401068
226.0	248.0	0.00010692692208603583
227.0	248.0	0.0004643679972265458
247.0	248.0	0.0004766527817513685
227.0	249.0	9.962042669321793e-5
228.0	249.0	0.0004937388578172476
248.0	249.0	0.00036474757053332784
228.0	250.0	0.0002935656725597633
229.0	250.0	0.0004398021026909268
249.0	250.0	0.0002001731852574844
236.0	258.0	8.93207601894343e-5
237.0	258.0	0.0001143552510890905
237.0	259.0	0.00015265380671436102
238.0	259.0	0.00014633997650400528
258.0	259.0	6.713239566608438e-6
238.0	260.0	0.00010922371505551517
239.0	260.0	0.00012939606868211462
259.0	260.0	2.0081462399616955e-5
239.0	261.0	9.745926723098516e-5
240.0	261.0	0.00011699358806069353
260.0	261.0	1.9317523061548347e-5
240.0	262.0	0.0001129427884443879
241.0	262.0	0.00013713435669315496
261.0	262.0	1.2584244095831017e-5
241.0	263.0	0.00019024245243168204
242.0	263.0	0.0001404956776895691
262.0	263.0	8.764319449168889e-6
242.0	264.0	9.683497945940635e-5
263.0	264.0	1.530431075221019e-6
243.0	265.0	0.00045770094548127103
243.0	266.0	0.0005471318256794974
244.0	266.0	0.0003146936247356793
265.0	266.0	8.943088019822632e-5
244.0	267.0	0.0006000459021251334
245.0	267.0	0.00016624907115307596
266.0	267.0	0.0002494996933049221
245.0	268.0	0.0004852867984341812
246.0	268.0	4.283923592905658e-5
267.0	268.0	0.00036087596358564593
246.0	269.0	0.0003211436519494526
247.0	269.0	0.00019825380799065424
268.0	269.0	0.0003985000966520789
247.0	270.0	0.0001900867279008208
248.0	270.0	0.00028656605385054764
269.0	270.0	0.00038834053589147506
248.0	271.0	4.102615694172457e-5
249.0	271.0	0.0003237214135916033
270.0	271.0	0.00032759221079227223
249.0	272.0	0.00010507427831416679
250.0	272.0	0.0003052474635716512
271.0	272.0	0.0002186471352774365
250.0	273.0	0.00022796415960960563
272.0	273.0	7.728330396204557e-5
258.0	280.0	9.897755487697519e-5
258.0	281.0	0.00011141504112638546
259.0	281.0	0.00016979398554171362
280.0	281.0	1.2578588487811837e-5
259.0	282.0	0.00014257689904837343
260.0	282.0	0.000135953454289775
281.0	282.0	1.7073042901290072e-5
260.0	283.0	0.00010191358943520369
261.0	283.0	0.00010733331661426982
282.0	283.0	5.477631904494633e-6
261.0	284.0	0.00010039575494730411
262.0	284.0	0.000120678465792103
283.0	284.0	7.563256953077873e-6
262.0	285.0	0.00012558574782928344
263.0	285.0	0.00018833985250224386
284.0	285.0	1.8881596695767162e-5
263.0	286.0	0.00013516965535599374
264.0	286.0	9.530566186258038e-5
285.0	286.0	1.2123160095306338e-5
265.0	287.0	0.00036827504918920365
266.0	287.0	0.0002788441689909773
266.0	288.0	0.0004229220123575406
267.0	288.0	0.00019988761320414753
287.0	288.0	0.00011736805835612677
267.0	289.0	0.0004550350365655745
268.0	289.0	6.344634099682792e-5
288.0	289.0	0.0002311268850518344
268.0	290.0	0.00034137739522845746
269.0	290.0	8.880249994527705e-5
289.0	290.0	0.0003068470206112852
269.0	291.0	0.00022185120029582372
270.0	291.0	0.0001664893355956513
290.0	291.0	0.00033166902050176303
270.0	292.0	0.00013075812215173547
271.0	292.0	0.00019683408864053676
291.0	292.0	0.0002972474577473868
271.0	293.0	2.3081556873911064e-5
272.0	293.0	0.00019556557840352544
292.0	293.0	0.00021991564551444783
272.0	294.0	7.339233268648598e-5
273.0	294.0	0.00015067563664853154
293.0	294.0	0.00012217324571703946
280.0	302.0	0.00011155779146608518
281.0	302.0	0.00015133469831088607
281.0	303.0	0.00013437792018301069
282.0	303.0	0.00014150365293745103
302.0	303.0	1.5091235247846629e-5
282.0	304.0	0.00012544190418838699
283.0	304.0	0.00010617573233208003
303.0	304.0	1.1379529049297801e-5
283.0	305.0	0.00010516250508757691
284.0	305.0	0.00011434495623235167
304.0	305.0	1.399394974327959e-5
284.0	306.0	0.00011805129428782155
285.0	306.0	0.00017898507909175774
305.0	306.0	2.441907997535733e-5
285.0	307.0	0.00012818663703676218
286.0	307.0	0.00011864880640747647
306.0	307.0	1.7297896725539324e-5
286.0	308.0	9.970585975027794e-5
307.0	308.0	4.3178854126489736e-6
287.0	309.0	0.0002475345838041599
287.0	310.0	0.0002822172137988855
288.0	310.0	0.00019188203597273157
309.0	310.0	3.4682629994725635e-5
288.0	311.0	0.0003171697676886076
289.0	311.0	0.0001242552503661192
310.0	311.0	0.00010233927269636524
289.0	312.0	0.00031850262908857065
290.0	312.0	1.247112239325621e-5
311.0	312.0	0.00016731109323188923
290.0	313.0	0.00021528426552650643
291.0	313.0	0.00010717223677214435
312.0	313.0	0.00020278836218549635
291.0	314.0	0.00019696330376493265
292.0	314.0	0.00010028415398245415
313.0	314.0	0.0003046612034258664
292.0	315.0	0.00011154926098938853
293.0	315.0	0.00010836638452505928
314.0	315.0	0.0002118334149718427
293.0	316.0	3.3636490961582784e-5
294.0	316.0	8.853675475545667e-5
315.0	316.0	0.00014200287548664207
294.0	317.0	1.3342517039233866e-5
316.0	317.0	7.51942377162228e-5
317.0	318.0	2.6156448917226426e-5
302.0	324.0	0.0001452404370097992
302.0	325.0	0.00013274685097953962
303.0	325.0	0.0001495393483446914
324.0	325.0	1.2493586030259575e-5
303.0	326.0	0.00012263516218291256
304.0	326.0	0.00013231891349235116
325.0	326.0	2.6563749456051397e-5
304.0	327.0	0.0001019134114669708
305.0	327.0	0.00012836698530795644
326.0	327.0	3.0405502025380337e-5
305.0	328.0	0.00010156630008884
306.0	328.0	0.00014728565938145014
327.0	328.0	3.064699281116115e-5
306.0	329.0	0.00014263622462282104
307.0	329.0	0.00012927330005649363
328.0	329.0	2.0641399461600877e-5
307.0	330.0	0.00010458722206928307
308.0	330.0	9.53881260101682e-5
329.0	330.0	4.327743696795455e-6
309.0	331.0	0.00021285631968935852
310.0	331.0	0.0001781736896946329
310.0	332.0	0.00022828011497487213
311.0	332.0	0.00013944236183503517
331.0	332.0	5.010642528023923e-5
311.0	333.0	0.00023701288377043795
312.0	333.0	8.6513072843085e-5
332.0	333.0	9.212200922018069e-5
312.0	334.0	0.00020899377446256714
313.0	334.0	6.2556777706962955e-6
333.0	334.0	0.00011249037643210264
314.0	336.0	0.00018952518713937516
315.0	336.0	2.2308227832467526e-5
315.0	337.0	9.53398643031959e-5
316.0	337.0	4.6663011183446174e-5
336.0	337.0	0.00011764809213566342
316.0	338.0	5.858385216050795e-5
317.0	338.0	1.6610385555714852e-5
337.0	338.0	0.00010524686334395412
317.0	339.0	5.230869921024899e-5
318.0	339.0	2.615225029302256e-5
338.0	339.0	6.891908476596384e-5
324.0	346.0	0.0001577366630080221
325.0	346.0	0.00017023051644790766
325.0	347.0	0.0001261304430434423
326.0	347.0	0.0001527774648145574
346.0	347.0	4.463101710841708e-5
326.0	348.0	0.00010601651101971425
327.0	348.0	0.00013642201304509458
347.0	348.0	4.642861214547638e-5
327.0	349.0	9.409939657014796e-5
328.0	349.0	0.0001298215878560272
348.0	349.0	4.232261647494664e-5
328.0	350.0	0.00010902874614593321
329.0	350.0	0.000145150294956612
349.0	350.0	3.592428746583897e-5
329.0	351.0	0.00011044788312913538
330.0	351.0	9.883185177854601e-5
350.0	351.0	1.5136920191328843e-5
330.0	352.0	9.681326240701239e-5
351.0	352.0	2.0031473840020285e-6
331.0	353.0	0.00015938225461268945
331.0	354.0	0.00018154904801281338
332.0	354.0	0.00013144262273257415
353.0	354.0	2.216679340012393e-5
332.0	355.0	0.00019426409251504248
333.0	355.0	0.0001021420832948618
354.0	355.0	6.282146978246833e-5
333.0	356.0	0.0002010162071088155
334.0	356.0	8.852583067671285e-5
355.0	356.0	9.887412381395371e-5
334.0	357.0	0.0002392185925125146
356.0	357.0	0.00015062219806117501
336.0	358.0	3.8770985591297564e-5
357.0	358.0	0.00020950425013774565
336.0	359.0	8.83490910610946e-5
337.0	359.0	2.929900107456882e-5
358.0	359.0	0.00012712007665239216
337.0	360.0	9.037733618761199e-5
338.0	360.0	1.4869527156342137e-5
359.0	360.0	0.0001196763372621808
338.0	361.0	9.316805050662391e-5
339.0	361.0	2.4248965740660068e-5
360.0	361.0	0.00010803757766296604
339.0	362.0	0.00012312053670359875
361.0	362.0	9.887157096293868e-5
346.0	368.0	0.00023965475937676563
346.0	369.0	0.00013294537416012797
347.0	369.0	0.00017802313234100645
368.0	369.0	0.00010688634328118582
347.0	370.0	0.00010268039968034069
348.0	370.0	0.000148643044082095
369.0	370.0	7.503031226918893e-5
348.0	371.0	8.96905479865112e-5
349.0	371.0	0.00013201316446145785
370.0	371.0	5.895249609558379e-5
349.0	372.0	8.551189918111836e-5
350.0	372.0	0.00013219212888232232
371.0	372.0	4.6501265280339485e-5
350.0	373.0	0.00010119844034412068
351.0	373.0	0.00010333728766461227
372.0	373.0	2.7530784221737857e-5
351.0	374.0	9.280612872167349e-5
352.0	374.0	9.480927610567552e-5
373.0	374.0	1.0531158942938773e-5
353.0	375.0	0.00013721323595027997
354.0	375.0	0.00011504644255015604
354.0	376.0	0.0001572811871537026
355.0	376.0	9.28427626890451e-5
375.0	376.0	3.927357727341515e-5
355.0	377.0	0.00016749927980051809
356.0	377.0	6.608024613221794e-5
376.0	377.0	7.662885860691274e-5
356.0	378.0	0.00017169998394741992
357.0	378.0	2.0415457992148838e-5
377.0	378.0	0.00010970343336046222
357.0	379.0	0.00015991029150076507
358.0	379.0	5.053055267392189e-5
378.0	379.0	0.00014013951465529175
358.0	380.0	9.412762314635322e-5
359.0	380.0	3.299245350603894e-5
379.0	380.0	0.00014509680518178487
359.0	381.0	9.94696979123302e-5
360.0	381.0	2.02066393498506e-5
380.0	381.0	0.00013246215141836916
360.0	382.0	0.00010735007455472734
381.0	382.0	0.00012755671390457795
361.0	383.0	0.00012726857277182863
362.0	383.0	2.8397001808889938e-5
382.0	383.0	0.00012795607588006732
362.0	384.0	0.00019359104225408165
383.0	384.0	0.00016454530664098102
384.0	385.0	0.0002105041799100005
385.0	386.0	0.00016604361041098594
386.0	387.0	0.00016332787565883464
387.0	388.0	0.00018343072610249464
368.0	389.0	0.0002584106847270737
388.0	389.0	0.00023941947737070958
368.0	390.0	8.812874497963863e-5
369.0	390.0	0.00019510501062045137
389.0	390.0	0.0001703399045480117
369.0	391.0	8.400538751758312e-5
370.0	391.0	0.00015895801140565775
390.0	391.0	0.00011110492179814498
370.0	392.0	7.628848212661173e-5
371.0	392.0	0.0001352409782221955
391.0	392.0	8.262760305502152e-5
371.0	393.0	7.401132638235934e-5
372.0	393.0	0.00012051259166269882
392.0	393.0	6.122965183983618e-5
372.0	394.0	7.821960825115084e-5
373.0	394.0	0.0001057503924728887
393.0	394.0	4.229298341154799e-5
373.0	395.0	8.178643991960856e-5
374.0	395.0	9.231759886254734e-5
394.0	395.0	2.3963952553280134e-5
374.0	396.0	8.47686942246613e-5
395.0	396.0	7.5489046378860325e-6
375.0	397.0	9.80842348752345e-5
375.0	398.0	0.00011489491473909296
376.0	398.0	7.857860463867458e-5
397.0	398.0	1.6810679863858458e-5
376.0	399.0	0.0001341798222788177
377.0	399.0	5.705677961101881e-5
398.0	399.0	5.163224980978042e-5
377.0	400.0	0.0001434382120727725
378.0	400.0	2.5992373762461405e-5
399.0	400.0	8.484009528397477e-5
378.0	401.0	0.00013567095889357306
379.0	401.0	1.12188076857689e-5
400.0	401.0	0.00011748652282868956
379.0	402.0	0.00011561439926777776
380.0	402.0	3.0192586833248456e-5
401.0	402.0	0.0001324254419923944
380.0	403.0	0.00010394216437380048
381.0	403.0	2.929389796948735e-5
402.0	403.0	0.00013492303988730395
381.0	404.0	0.0001134574153118757
382.0	404.0	2.3684839426914272e-5
403.0	404.0	0.00014567950620756327
382.0	405.0	0.0001299461152602897
383.0	405.0	2.050186259481222e-5
404.0	405.0	0.00016980229654352586
383.0	406.0	0.00013957281834126774
384.0	406.0	2.858625012718238e-5
405.0	406.0	0.00018680484133627384
384.0	407.0	0.00017621499838718768
385.0	407.0	6.460620703496015e-5
406.0	407.0	0.00021286789486266123
385.0	408.0	0.00010906673784121479
386.0	408.0	7.653774522266736e-5
407.0	408.0	0.00020088438442799768
386.0	409.0	7.925325331812666e-5
387.0	409.0	8.86361979084199e-5
408.0	409.0	0.00016560531323188784
387.0	410.0	6.853319543523427e-5
388.0	410.0	0.00011489753066726037
409.0	410.0	0.0001605106420153027
388.0	411.0	5.890895717481287e-5
389.0	411.0	0.0001805105201958967
410.0	411.0	0.00017380648784207325
389.0	412.0	8.820703568907799e-6
390.0	412.0	0.00017916258671282724
411.0	412.0	0.0001716898166269889
390.0	413.0	4.4837309560959275e-5
391.0	413.0	0.00016301677268841232
412.0	413.0	0.00014571238460141332
391.0	414.0	5.1469585868550943e-5
392.0	414.0	0.0001350661299228166
413.0	414.0	0.00011034831896350878
392.0	415.0	5.506259324615399e-5
393.0	415.0	0.00011629224508599018
414.0	415.0	7.930813574453972e-5
393.0	416.0	5.929309575446056e-5
394.0	416.0	0.00010158607916600855
415.0	416.0	5.699914933152962e-5
394.0	417.0	6.405559324395484e-5
395.0	417.0	8.801954579723496e-5
416.0	417.0	3.7530485922053715e-5
395.0	418.0	6.966864266494849e-5
396.0	418.0	7.721754730283453e-5
417.0	418.0	1.8350903132286474e-5
397.0	419.0	8.127148114755759e-5
398.0	419.0	6.446080128369913e-5
398.0	420.0	9.418500945204228e-5
399.0	420.0	4.558139668747117e-5
419.0	420.0	2.972101912658705e-5
399.0	421.0	0.00011244118507048909
400.0	421.0	2.664843327546343e-5
420.0	421.0	6.0335804392002054e-5
400.0	422.0	0.00011012618993196739
401.0	422.0	1.0392508436408023e-6
421.0	422.0	8.783242814663678e-5
401.0	423.0	0.00011053737423115625
402.0	423.0	2.0137359181115494e-5
422.0	423.0	0.00010597703607483693
402.0	424.0	0.00010305022041465139
403.0	424.0	3.347752331068829e-5
423.0	424.0	0.0001228164770058045
403.0	425.0	9.736561774151021e-5
404.0	425.0	4.105425176329433e-5
424.0	425.0	0.0001318811077492129
404.0	426.0	0.00010670088251621743
405.0	426.0	4.1781236598449476e-5
425.0	426.0	0.00013813384055027703
405.0	427.0	0.00013421729545229783
406.0	427.0	4.68122184329307e-5
426.0	427.0	0.00015209600099746546
406.0	428.0	0.00013173318015299176
407.0	428.0	5.508154107632289e-5
427.0	428.0	0.00017701516172517629
407.0	429.0	0.00017867359874184662
408.0	429.0	5.4365274687772696e-5
428.0	429.0	0.0002062707442989281
408.0	430.0	0.00012217229166036611
409.0	430.0	7.664926173138642e-5
429.0	430.0	0.0002077895604502739
409.0	431.0	7.236068476888171e-5
410.0	431.0	9.900875307307822e-5
430.0	431.0	0.00017121539224555026
410.0	432.0	3.934876519412589e-5
411.0	432.0	0.00013445772264794736
431.0	432.0	0.00014212016248038868
411.0	433.0	1.4971375991805293e-5
412.0	433.0	0.0001567184406351836
432.0	433.0	0.00014942909863975264
412.0	434.0	5.289317758894021e-6
413.0	434.0	0.0001513388236434353
433.0	434.0	0.0001514291228762896
413.0	435.0	2.1150120866438937e-5
414.0	435.0	0.00012441721329066298
434.0	435.0	0.0001232584301818458
414.0	436.0	3.107532250723674e-5
415.0	436.0	0.00010900678104359347
435.0	436.0	9.198228060980165e-5
415.0	437.0	4.003846688103483e-5
416.0	437.0	9.703761621256444e-5
436.0	437.0	6.896831416255863e-5
416.0	438.0	4.43723850478492e-5
417.0	438.0	8.19028709699029e-5
437.0	438.0	5.266523116471525e-5
417.0	439.0	5.0988575056115174e-5
418.0	439.0	6.933947818840164e-5
438.0	439.0	3.091429591378773e-5
418.0	440.0	5.9191172555193404e-5
439.0	440.0	1.0148305633208251e-5
419.0	441.0	5.128712539391796e-5
419.0	442.0	6.471835912666334e-5
420.0	442.0	3.500054178388182e-5
441.0	442.0	1.3431233732745378e-5
420.0	443.0	7.414116314382887e-5
421.0	443.0	2.0718620741341694e-5
442.0	443.0	3.9138685068457085e-5
421.0	444.0	9.086024618494742e-5
422.0	444.0	1.5076420959854785e-6
443.0	444.0	6.377603963058662e-5
422.0	445.0	8.94218465630886e-5
423.0	445.0	1.655518951174832e-5
444.0	445.0	8.919517615225007e-5
423.0	446.0	9.010853887637614e-5
424.0	446.0	3.1109885809749936e-5
445.0	446.0	0.00010666372838812445
424.0	447.0	9.161399027258422e-5
425.0	447.0	4.092930591270629e-5
446.0	447.0	0.00012093556086071684
425.0	448.0	9.098425312031154e-5
426.0	448.0	4.641182111593464e-5
447.0	448.0	0.0001329242015041017
426.0	449.0	9.736627176790752e-5
427.0	449.0	4.959165096727742e-5
448.0	449.0	0.00014214406095638455
427.0	450.0	0.00011207655445575185
428.0	450.0	6.208172375628334e-5
449.0	450.0	0.00015486054076368792
428.0	451.0	0.0001094774911451516
429.0	451.0	6.297891599846524e-5
450.0	451.0	0.00017137652173342311
429.0	452.0	0.00018576726062624477
430.0	452.0	4.8787656251351606e-5
451.0	452.0	0.00019198665863300296
430.0	453.0	0.00013088428343458996
431.0	453.0	7.875487119005601e-5
452.0	453.0	0.00020385264199386128
431.0	454.0	8.120245421897255e-5
432.0	454.0	0.00012228974231173908
453.0	454.0	0.0002412843367941023
432.0	455.0	1.987087040041554e-5
433.0	455.0	0.00016077755558747123
454.0	455.0	0.0001975123480406278
433.0	456.0	1.702988642993035e-5
434.0	456.0	0.00013858336715072986
455.0	456.0	0.00018688668478251288
434.0	457.0	1.0128183581037479e-5
435.0	457.0	0.0001143745083675694
456.0	457.0	0.00015049499788733812
436.0	458.0	9.738577050349242e-5
457.0	458.0	0.00012136289428410202
436.0	459.0	1.9681224573112195e-5
437.0	459.0	9.866658047370093e-5
458.0	459.0	9.142577709879314e-5
437.0	460.0	2.2103413190669866e-5
438.0	460.0	7.476864435538512e-5
459.0	460.0	7.335284069795609e-5
438.0	461.0	2.975092958830935e-5
439.0	461.0	6.066522550209708e-5
460.0	461.0	4.501771476707577e-5
439.0	462.0	3.8895328047522285e-5
440.0	462.0	4.904363368073053e-5
461.0	462.0	2.1769897454574795e-5
441.0	463.0	3.7852827714316354e-5
442.0	463.0	2.4421593981570976e-5
442.0	464.0	4.957941339803386e-5
443.0	464.0	1.0440728329576774e-5
463.0	464.0	2.5157819416462885e-5
443.0	465.0	5.9767149636440844e-5
444.0	465.0	3.1527230804799206e-6
464.0	465.0	4.9326421306864065e-5
444.0	466.0	7.008918926664145e-5
445.0	466.0	1.8836158133978514e-5
465.0	466.0	7.220753637408482e-5
445.0	467.0	7.422682346873925e-5
446.0	467.0	3.243690491938521e-5
466.0	467.0	9.306298160271775e-5
446.0	468.0	7.715765499440624e-5
447.0	468.0	4.284514487607707e-5
467.0	468.0	0.00010959455991379145
447.0	469.0	8.153597592456742e-5
448.0	469.0	5.0321661182036165e-5
468.0	469.0	0.00012289543454911797
448.0	470.0	8.567108495931187e-5
449.0	470.0	5.616344308830005e-5
469.0	470.0	0.00013524735899746366
449.0	471.0	9.122047943651951e-5
450.0	471.0	6.36400613271684e-5
470.0	471.0	0.00014738392252481956
450.0	472.0	9.711867481001645e-5
451.0	472.0	7.425784692340667e-5
471.0	472.0	0.00016075873613718484
451.0	473.0	0.00010014559940172209
452.0	473.0	8.218461569150671e-5
472.0	473.0	0.0001842978881817869
452.0	474.0	0.00020729734795352459
453.0	474.0	0.00011300627527770156
473.0	474.0	0.00024065777166921767
453.0	475.0	0.00012770401378863277
454.0	475.0	0.00013688761540035544
474.0	475.0	0.0003666749626973773
454.0	476.0	0.00013957198719709063
455.0	476.0	0.00018987708811182876
475.0	476.0	0.000367043766107358
455.0	477.0	5.959658762303698e-5
456.0	477.0	0.00013052037540768738
476.0	477.0	0.0002775123557727935
456.0	478.0	4.536019724397333e-5
457.0	478.0	0.00010823053002167818
477.0	478.0	0.00018451138468465977
457.0	479.0	3.31177214375286e-5
458.0	479.0	8.634497510364621e-5
478.0	479.0	0.00014237870603466706
458.0	480.0	1.898520417054037e-5
459.0	480.0	0.00010342666142910175
479.0	480.0	0.00013004049336380814
459.0	481.0	3.158898236345333e-6
460.0	481.0	6.32149668928954e-5
480.0	481.0	9.268148064068333e-5
460.0	482.0	5.315586589098422e-6
461.0	482.0	5.0333301356174194e-5
481.0	482.0	5.774077014245274e-5
461.0	483.0	1.6832530647014652e-5
462.0	483.0	3.860242810158945e-5
482.0	483.0	3.350077070915954e-5
462.0	484.0	2.7565333332119334e-5
483.0	484.0	1.1037094769470115e-5
463.0	485.0	1.2371477358285759e-5
463.0	486.0	2.47391224767305e-5
485.0	486.0	1.2367645118444742e-5
464.0	487.0	3.6258442854552025e-5
465.0	487.0	1.306797845231204e-5
486.0	487.0	3.667713979428441e-5
465.0	488.0	4.67904214588074e-5
466.0	488.0	2.5417114915277415e-5
487.0	488.0	5.985839991111944e-5
466.0	489.0	5.580607383244112e-5
467.0	489.0	3.7256907770276636e-5
488.0	489.0	8.122318874771854e-5
467.0	490.0	6.250763074021199e-5
468.0	490.0	4.7086929173579464e-5
489.0	490.0	9.976453851048862e-5
468.0	491.0	6.809215639669973e-5
469.0	491.0	5.480327815241822e-5
490.0	491.0	0.0001151790855702792
469.0	492.0	7.366182743286258e-5
470.0	492.0	6.15855315646011e-5
491.0	492.0	0.0001284651055852808
470.0	493.0	7.895448697943874e-5
471.0	493.0	6.842943554538083e-5
492.0	493.0	0.00014054001854403982
471.0	494.0	8.263381669568048e-5
472.0	494.0	7.812491944150436e-5
493.0	494.0	0.0001510632522410613
472.0	495.0	7.744547447987786e-5
473.0	495.0	9.653323834131942e-5
494.0	495.0	0.00015557039392138222
473.0	496.0	5.8132982556248046e-5
474.0	496.0	9.972078659170484e-5
495.0	496.0	0.00013648090529837307
474.0	497.0	6.799424280762551e-5
475.0	497.0	7.230794953839779e-5
496.0	497.0	9.489257906265634e-5
475.0	498.0	6.275733929346391e-5
476.0	498.0	6.369012813296498e-5
497.0	498.0	9.057984645700037e-5
476.0	499.0	0.00010292047947824667
477.0	499.0	6.385428526797592e-5
498.0	499.0	8.964881775842976e-5
477.0	500.0	8.593370049721021e-5
478.0	500.0	8.039731553810984e-5
499.0	500.0	0.00012871719757611856
478.0	501.0	5.9661123844519184e-5
479.0	501.0	7.8655455869687e-5
500.0	501.0	0.00013425591769429285
479.0	502.0	3.7770332829556815e-5
480.0	502.0	7.64985451275819e-5
501.0	502.0	0.00011526525228951454
480.0	503.0	2.9426359538526053e-5
481.0	503.0	4.43073468449096e-5
502.0	503.0	7.654266810085392e-5
481.0	504.0	1.9199141560345738e-5
482.0	504.0	3.742491791083208e-5
503.0	504.0	6.166644230688498e-5
482.0	505.0	6.020885657455989e-6
483.0	505.0	2.7479885051703548e-5
504.0	505.0	4.344580356828807e-5
483.0	506.0	5.484230383316743e-6
484.0	506.0	1.6521325152786857e-5
505.0	506.0	2.1995654668386805e-5
