1.0	2.0	0.08156316002286057
2.0	3.0	0.10626019872209573
3.0	4.0	0.025171343290012874
4.0	5.0	0.014122168227847842
5.0	6.0	0.010026801952946585
6.0	7.0	0.00771565963544632
7.0	8.0	0.006288485433659424
8.0	9.0	0.005204396177610482
9.0	10.0	0.003696776702718757
10.0	11.0	0.0019063578644978596
1.0	12.0	0.009733464808074285
2.0	12.0	0.09129662483093486
2.0	13.0	0.10186390002251071
3.0	13.0	0.004396298699585022
12.0	13.0	0.010567275191575853
3.0	14.0	0.018387283760593814
4.0	14.0	0.006784059529419059
13.0	14.0	0.022783582460178836
4.0	15.0	0.00873051699297031
5.0	15.0	0.005391651234877531
14.0	15.0	0.01551457652238937
5.0	16.0	0.005779161045553649
6.0	16.0	0.0042476409073929355
15.0	16.0	0.01117081228043118
6.0	17.0	0.004361533471120338
7.0	17.0	0.0033541261643259823
16.0	17.0	0.008609174378513273
7.0	18.0	0.0034084428149028234
8.0	18.0	0.002880042618756601
17.0	18.0	0.006762568979228806
8.0	19.0	0.0029317459203023755
9.0	19.0	0.0022726502573081064
18.0	19.0	0.005811788539058976
9.0	20.0	0.0022976829990126735
10.0	20.0	0.0013990937037060835
19.0	20.0	0.00457033325632078
10.0	21.0	0.0014783389054023044
11.0	21.0	0.0004280189590955552
20.0	21.0	0.002877432609108388
11.0	22.0	0.0007297828548589735
21.0	22.0	0.0011578018139545287
1.0	23.0	0.009727714816878563
2.0	23.0	0.09129087483973913
12.0	23.0	5.7499911957220595e-6
1.0	24.0	0.017855553409173858
2.0	24.0	0.09941871343203443
3.0	24.0	0.006841485290061303
12.0	24.0	0.008122088601099572
13.0	24.0	0.002445186590476281
23.0	24.0	0.008127838592295294
2.0	25.0	0.1123932932755708
3.0	25.0	0.006133094553475063
4.0	25.0	0.01903824873653781
13.0	25.0	0.010529393253060085
14.0	25.0	0.012254189207118751
24.0	25.0	0.012974579843536366
3.0	26.0	0.027127718403286552
4.0	26.0	0.0019563751132736784
5.0	26.0	0.012165793114574164
14.0	26.0	0.008740434642692738
15.0	26.0	0.006774141879696632
25.0	26.0	0.02099462384981149
4.0	27.0	0.014921654047874877
5.0	27.0	0.0007994858200270349
6.0	27.0	0.00922731613291955
15.0	27.0	0.006191137054904566
16.0	27.0	0.004979675225526614
26.0	27.0	0.012965278934601199
5.0	28.0	0.010534248866053614
6.0	28.0	0.0005074469131070292
7.0	28.0	0.007208212722339291
16.0	28.0	0.004755087820499965
17.0	28.0	0.003854086558013309
27.0	28.0	0.009734763046026579
6.0	29.0	0.008051025879823454
7.0	29.0	0.00033536624437713325
8.0	29.0	0.005953119189282291
17.0	29.0	0.0036894924087031156
18.0	29.0	0.00307307657052569
28.0	29.0	0.007543578966716424
7.0	30.0	0.006474296483000047
8.0	30.0	0.00018581104934062287
9.0	30.0	0.005018585128269859
18.0	30.0	0.0030658536680972237
19.0	30.0	0.0027459348709617526
29.0	30.0	0.006138930238622914
8.0	31.0	0.005551740289951007
9.0	31.0	0.0003473441123405252
10.0	31.0	0.003349432590378232
19.0	31.0	0.0026199943696486316
20.0	31.0	0.0019503388866721483
30.0	31.0	0.005365929240610384
9.0	32.0	0.004110607948582257
10.0	32.0	0.0004138312458634996
11.0	32.0	0.00149252661863436
20.0	32.0	0.0018129249495695832
21.0	32.0	0.0010645076595388048
31.0	32.0	0.0037632638362417314
10.0	33.0	0.0023521393608988417
11.0	33.0	0.0004457814964009821
21.0	33.0	0.0008738004554965373
22.0	33.0	0.00028400135845799146
32.0	33.0	0.001938308115035342
1.0	34.0	0.01806511890033982
2.0	34.0	0.09962827892320039
12.0	34.0	0.008331654092265536
13.0	34.0	0.002235621099310317
23.0	34.0	0.008337404083461258
24.0	34.0	0.0002095654911659639
2.0	35.0	0.10873105495246191
3.0	35.0	0.002470856230366178
12.0	35.0	0.017434430121527053
13.0	35.0	0.0068671549299512
14.0	35.0	0.015916427530227636
24.0	35.0	0.00931234152042748
25.0	35.0	0.003662238323108885
34.0	35.0	0.009102776029261517
3.0	36.0	0.02132477200722331
4.0	36.0	0.0038465712827895626
13.0	36.0	0.025721070706808333
14.0	36.0	0.0029374882466294966
15.0	36.0	0.012577088275759873
25.0	36.0	0.015191677453748248
26.0	36.0	0.005802946396063241
35.0	36.0	0.018853915776857133
4.0	37.0	0.01000812039487195
5.0	37.0	0.004114047832975892
14.0	37.0	0.01679217992429101
15.0	37.0	0.0012776034019016391
16.0	37.0	0.009893208878529541
26.0	37.0	0.008051745281598272
27.0	37.0	0.004913533653002927
36.0	37.0	0.013854691677661513
5.0	38.0	0.006427516721908472
6.0	38.0	0.003599285231038113
15.0	38.0	0.011819167956786003
16.0	38.0	0.0006483556763548226
17.0	38.0	0.007960818702158451
27.0	38.0	0.005628030901881437
28.0	38.0	0.004106732144145142
37.0	38.0	0.010541564554884364
6.0	39.0	0.005092833942512616
7.0	39.0	0.0030006759800129653
16.0	39.0	0.009548489771778811
17.0	39.0	0.0005177080175990134
18.0	39.0	0.006576036616198062
28.0	39.0	0.004560536404720938
29.0	39.0	0.0033524657367923873
38.0	39.0	0.008868382904985952
7.0	40.0	0.003783117815503888
8.0	40.0	0.0026947254449467984
17.0	40.0	0.007238242868665792
18.0	40.0	0.0002720405378228455
19.0	40.0	0.0057147516104734284
29.0	40.0	0.003437653078590779
30.0	40.0	0.002886131605680797
39.0	40.0	0.007069841428476953
8.0	41.0	0.003279769631827495
9.0	41.0	0.001924626545782987
18.0	41.0	0.006159812250584096
19.0	41.0	0.00034802371152511946
20.0	41.0	0.0042223095447956605
30.0	41.0	0.003093958582486872
31.0	41.0	0.002271970658123512
40.0	41.0	0.006073254954078712
9.0	42.0	0.00291962094447406
10.0	42.0	0.000947318703416637
19.0	42.0	0.005296881485883152
20.0	42.0	0.0005161754021365627
21.0	42.0	0.0024937056740213953
31.0	42.0	0.002556288553182164
32.0	42.0	0.0013801986366267424
41.0	42.0	0.004932838213398554
10.0	43.0	0.0019878064047888777
11.0	43.0	8.144854029101811e-5
20.0	43.0	0.0033869001084949613
21.0	43.0	0.0005094674993865733
22.0	43.0	0.0006483343145679554
32.0	43.0	0.001573975158925378
33.0	43.0	0.00036433295610996397
42.0	43.0	0.0030266240056157257
11.0	44.0	0.0012836447391814387
21.0	44.0	0.001711663698276994
22.0	44.0	0.0005538618843224652
33.0	44.0	0.0008378632427804567
43.0	44.0	0.0012021961988904206
1.0	45.0	0.026181308088393862
12.0	45.0	0.016447843280319577
23.0	45.0	0.0164535932715153
24.0	45.0	0.008325754679220004
34.0	45.0	0.00811618918805404
2.0	46.0	0.10755390097859126
12.0	46.0	0.016257276147656402
13.0	46.0	0.005690000956080549
23.0	46.0	0.016263026138852124
24.0	46.0	0.00813518754655683
25.0	46.0	0.004839392296979536
34.0	46.0	0.007925622055390866
35.0	46.0	0.001177153973870651
45.0	46.0	0.0001905671326631747
3.0	47.0	0.016882914466784554
13.0	47.0	0.021279213166369576
14.0	47.0	0.00150436929380926
24.0	47.0	0.023724399756845857
25.0	47.0	0.010749819913309491
26.0	47.0	0.010244803936501998
35.0	47.0	0.014412058236418376
36.0	47.0	0.004441857540438757
46.0	47.0	0.015589212210289027
4.0	48.0	0.00510138806192012
14.0	48.0	0.01188544759133918
15.0	48.0	0.0036291289310501906
25.0	48.0	0.02413963679845793
26.0	48.0	0.0031450129486464418
27.0	48.0	0.009820265985954757
36.0	48.0	0.008947959344709683
37.0	48.0	0.00490673233295183
47.0	48.0	0.01338981688514844
5.0	49.0	0.00222644600378602
15.0	49.0	0.0076180972386635515
16.0	49.0	0.003552715041767629
26.0	49.0	0.014392239118360184
27.0	49.0	0.0014269601837589851
28.0	49.0	0.008307802862267594
37.0	49.0	0.006340493836761912
38.0	49.0	0.004201070718122452
48.0	49.0	0.011247226169713742
6.0	50.0	0.0013725443822875105
16.0	50.0	0.005620185289680446
17.0	50.0	0.0029889890888328274
27.0	50.0	0.01059986051520706
28.0	50.0	0.0008650974691804814
29.0	50.0	0.006678481497535943
38.0	50.0	0.0049718296133256235
39.0	50.0	0.003653073494019463
49.0	50.0	0.009172900331448075
7.0	51.0	0.0009889657106811583
17.0	51.0	0.004904126487009491
18.0	51.0	0.002989597099268266
28.0	51.0	0.009402874530835747
29.0	51.0	0.0005975037616182654
30.0	51.0	0.006568266904525481
39.0	51.0	0.0045774831464842
40.0	51.0	0.003414360455167695
50.0	51.0	0.008393074805631626
8.0	52.0	0.0006629096176133664
18.0	52.0	0.0035429522363699673
19.0	52.0	0.002268836302689009
29.0	52.0	0.006616028806895657
30.0	52.0	0.00047709856827274355
31.0	52.0	0.004888830672337641
40.0	52.0	0.003377596486638275
41.0	52.0	0.0026168600142141285
51.0	52.0	0.007125168317719404
9.0	53.0	0.0010482254018431946
19.0	53.0	0.0033325686578741425
20.0	53.0	0.0012612793916961793
30.0	53.0	0.00609263162128475
31.0	53.0	0.0006990941714677128
32.0	53.0	0.0030835320101632343
41.0	53.0	0.0029827543317125227
42.0	53.0	0.0018386027967166195
52.0	53.0	0.005613078336131771
10.0	54.0	0.0012541479187682916
20.0	54.0	0.0026892943065660304
21.0	54.0	0.0002622857085212532
31.0	54.0	0.0046898906931944736
32.0	54.0	0.0008296528216310341
33.0	54.0	0.001158602777235127
42.0	54.0	0.0022863181049753685
43.0	54.0	0.000784881471412762
53.0	54.0	0.003997441760346274
11.0	55.0	0.0012862458114953623
21.0	55.0	0.0017142647705909175
22.0	55.0	0.0005564629566363888
32.0	55.0	0.0027787724301297223
33.0	55.0	0.0008404643150943802
43.0	55.0	0.0012047972712043442
44.0	55.0	2.6010723139235914e-6
54.0	55.0	0.0020207246799250644
12.0	56.0	0.02387527219576055
23.0	56.0	0.02388102218695627
24.0	56.0	0.015753183594660977
34.0	56.0	0.015543618103495013
35.0	56.0	0.0064408420742334965
45.0	56.0	0.007427428915440973
46.0	56.0	0.0076179960481041475
13.0	57.0	0.019845268731839408
24.0	57.0	0.02229045532231569
25.0	57.0	0.009315875478779323
34.0	57.0	0.022080889831149725
35.0	57.0	0.012978113801888208
36.0	57.0	0.005875801974968925
46.0	57.0	0.014155267775758859
47.0	57.0	0.0014339444345301683
56.0	57.0	0.0065372717276547115
14.0	58.0	0.008191665795167544
25.0	58.0	0.020445855002286295
26.0	58.0	0.000548768847525194
35.0	58.0	0.02410809332539518
36.0	58.0	0.005254177548538047
37.0	58.0	0.008600514129123465
47.0	58.0	0.009696035088976804
48.0	58.0	0.0036937817961716357
57.0	58.0	0.011129979523506972
15.0	59.0	0.003756983434301725
26.0	59.0	0.010531125313998357
27.0	59.0	0.0024341536206028414
36.0	59.0	0.0163340717100616
37.0	59.0	0.002479380032400086
38.0	59.0	0.008062184522484278
48.0	59.0	0.007386112365351916
49.0	59.0	0.0038611138043618265
58.0	59.0	0.011079894161523551
16.0	60.0	0.0019466386275880931
27.0	60.0	0.006926313853114707
28.0	60.0	0.0028084491929118716
37.0	60.0	0.011839847506117634
38.0	60.0	0.0012982829512332705
39.0	60.0	0.0075065206087567005
49.0	60.0	0.005499353669355722
50.0	60.0	0.003673546662092353
59.0	60.0	0.009360467473717549
17.0	61.0	0.0013083372731058365
28.0	61.0	0.0052665392575249525
29.0	61.0	0.0024808241673045287
38.0	61.0	0.009484211870153633
39.0	61.0	0.0008418291528760012
40.0	61.0	0.006090999903774596
50.0	61.0	0.004378071791191958
51.0	61.0	0.0035253587657061297
60.0	61.0	0.008150856721908597
18.0	62.0	0.0010772322294340094
29.0	62.0	0.0045636344231466675
30.0	62.0	0.002400975588937305
39.0	62.0	0.008647450923977812
40.0	62.0	0.0008042973707919841
41.0	62.0	0.005911068403641599
51.0	62.0	0.004756111830848168
52.0	62.0	0.002942243421635246
61.0	62.0	0.007528765213092556
19.0	63.0	0.00103260550492551
30.0	63.0	0.0037785403758872627
31.0	63.0	0.0015873888647231216
40.0	63.0	0.006778450760507631
41.0	63.0	0.0006845817934003906
42.0	63.0	0.0042167450619844575
52.0	63.0	0.003301441807614519
53.0	63.0	0.002294650300779027
62.0	63.0	0.006687725740845073
20.0	64.0	0.0016201229989158772
31.0	64.0	0.003676058272112993
32.0	64.0	0.0002909583915798041
41.0	64.0	0.0060710392918859905
42.0	64.0	0.0011534495386673453
43.0	64.0	0.0019501526323777575
53.0	64.0	0.0029588512437556877
54.0	64.0	0.0011746672210668936
63.0	64.0	0.005349392471398328
21.0	65.0	0.0017812533597908382
32.0	65.0	0.0029320471043878466
33.0	65.0	0.0008366250246155989
42.0	65.0	0.0045761572286172015
43.0	65.0	0.0012304898156153476
44.0	65.0	6.915312547986845e-5
54.0	65.0	0.0021151175490199633
55.0	65.0	7.196503361532007e-5
64.0	65.0	0.0034203491101507644
22.0	66.0	0.001709595500880512
33.0	66.0	0.0019935968593385034
43.0	66.0	0.0023579298154484674
44.0	66.0	0.0011557336165580467
55.0	66.0	0.0011531325442441231
65.0	66.0	0.001318567354149394
23.0	67.0	0.02794995539234167
34.0	67.0	0.019612551308880413
45.0	67.0	0.011496362120826373
46.0	67.0	0.011686929253489547
56.0	67.0	0.0040689332053854
24.0	68.0	0.023512054399335902
34.0	68.0	0.023302488908169938
35.0	68.0	0.014199712878908421
45.0	68.0	0.015186299720115898
46.0	68.0	0.015376866852779073
47.0	68.0	0.00021234535750995487
56.0	68.0	0.007758870804674925
57.0	68.0	0.0012215990770202134
67.0	68.0	0.003689937599289525
25.0	69.0	0.018402065105681098
35.0	69.0	0.022064303428789983
36.0	69.0	0.00321038765193285
46.0	69.0	0.023241457402660634
47.0	69.0	0.007652245192371607
48.0	69.0	0.005737571692776833
57.0	69.0	0.009086189626901775
58.0	69.0	0.002043789896605197
68.0	69.0	0.007864590549881562
26.0	70.0	0.007390334597679071
36.0	70.0	0.013193280993742312
37.0	70.0	0.0006614106839192002
47.0	70.0	0.01763513853418107
48.0	70.0	0.0042453216490326295
49.0	70.0	0.007001904520681113
58.0	70.0	0.007939103445204265
59.0	70.0	0.003140790716319286
69.0	70.0	0.009982893341809462
27.0	71.0	0.0035225892585335483
37.0	71.0	0.008436122911536476
38.0	71.0	0.0021054416433478884
48.0	71.0	0.013342855244488305
49.0	71.0	0.002095629074774563
50.0	71.0	0.007077271256673512
59.0	71.0	0.00595674287913639
60.0	71.0	0.003403724594581159
70.0	71.0	0.009097533595455676
28.0	72.0	0.0020536049356804364
38.0	72.0	0.0061603370798255785
39.0	72.0	0.0024063625933828134
49.0	72.0	0.01036140779794803
50.0	72.0	0.001188507466499955
51.0	72.0	0.007005769263966335
60.0	72.0	0.004862054128592308
61.0	72.0	0.0031574576348710783
71.0	72.0	0.008265778723173467
29.0	73.0	0.001751288832570498
39.0	73.0	0.006102979735614427
40.0	73.0	0.0025125600288730416
50.0	73.0	0.010100536160815
51.0	73.0	0.0013538937514697635
52.0	73.0	0.006519881920832483
61.0	73.0	0.0049333952753397746
62.0	73.0	0.003847966017642133
72.0	73.0	0.008614697981442251
30.0	74.0	0.0011475871504310342
40.0	74.0	0.0040682747093936916
41.0	74.0	0.0019463714320558378
51.0	74.0	0.007907807511725288
52.0	74.0	0.0006704885821582907
53.0	74.0	0.004939140027334001
62.0	74.0	0.0037029120252477093
63.0	74.0	0.0026309532254562285
73.0	74.0	0.007358107647035212
31.0	75.0	0.0019488312044854128
41.0	75.0	0.004220801862608925
42.0	75.0	0.0005177524830622291
52.0	75.0	0.0068376618768230535
53.0	75.0	0.0012597639523431895
54.0	75.0	0.002690840839609892
63.0	75.0	0.0035362200692085344
64.0	75.0	0.0016217123109116861
74.0	75.0	0.006167173294664763
32.0	76.0	0.002245527110344225
42.0	76.0	0.0037443021937462067
43.0	76.0	0.0006561273381093915
53.0	76.0	0.00537110132455716
54.0	76.0	0.001465978157349541
55.0	76.0	0.0005604766836140026
64.0	76.0	0.002662328063061749
65.0	76.0	0.0005336610285916214
75.0	76.0	0.004077740786205462
33.0	77.0	0.002340414360890025
43.0	77.0	0.002704747316999989
44.0	77.0	0.0015025511181095685
54.0	77.0	0.0035593263364106066
55.0	77.0	0.001499950045795645
65.0	77.0	0.0016934969356567457
66.0	77.0	0.0003468175015515218
76.0	77.0	0.002075125912753617
34.0	78.0	0.026652264966720768
45.0	78.0	0.018536075778666727
46.0	78.0	0.018726642911329902
56.0	78.0	0.011108646863225755
57.0	78.0	0.004571375135571043
67.0	78.0	0.007039713657840355
68.0	78.0	0.0033497760585508296
35.0	79.0	0.022460062382038376
46.0	79.0	0.023637216355909027
47.0	79.0	0.00804800414562
56.0	79.0	0.01601922030780488
57.0	79.0	0.009481948580150168
58.0	79.0	0.0016480309433568041
68.0	79.0	0.008260349503129955
69.0	79.0	0.00039575895324839294
78.0	79.0	0.004910573444579125
36.0	80.0	0.011325408825414635
47.0	80.0	0.01576726636585339
48.0	80.0	0.0023774494807049518
57.0	80.0	0.01720121080038356
58.0	80.0	0.0060712312768765875
59.0	80.0	0.005008662884646964
69.0	80.0	0.008115021173481785
70.0	80.0	0.0018678721683276778
79.0	80.0	0.007719262220233392
37.0	81.0	0.005594798620109642
48.0	81.0	0.010501530953061472
49.0	81.0	0.0007456952166522701
58.0	81.0	0.014195312749233108
59.0	81.0	0.0031154185877095564
60.0	81.0	0.006245048886007992
70.0	81.0	0.0062562093040288425
71.0	81.0	0.0028413242914268333
80.0	81.0	0.00812408147235652
38.0	82.0	0.0029834521989040297
49.0	82.0	0.007184522917026481
50.0	82.0	0.0019883774144215938
59.0	82.0	0.011045636721388308
60.0	82.0	0.0016851692476707592
61.0	82.0	0.006420163817167293
71.0	82.0	0.005088893842251918
72.0	82.0	0.003176884880921549
81.0	82.0	0.007930218133678751
39.0	83.0	0.0019851450173234155
50.0	83.0	0.00537499495277316
51.0	83.0	0.0021190205867173363
60.0	83.0	0.009048541614865513
61.0	83.0	0.0011421248541258317
62.0	83.0	0.00604243856122856
72.0	83.0	0.004186487486273205
73.0	83.0	0.0033808705803493465
82.0	83.0	0.007363372367194754
40.0	84.0	0.001421333174363915
51.0	84.0	0.004926030623122053
52.0	84.0	0.0019134205459376905
61.0	84.0	0.007351392198898272
62.0	84.0	0.0007846341555027104
63.0	84.0	0.005229122387647312
73.0	84.0	0.004160435276003544
74.0	84.0	0.0025868051930879195
83.0	84.0	0.006040301847829101
41.0	85.0	0.0021181967387047806
52.0	85.0	0.004735056752918909
53.0	85.0	0.000853659272124115
62.0	85.0	0.008314160414873869
63.0	85.0	0.00143361494530439
64.0	85.0	0.0038381579088434
74.0	85.0	0.0040645681707606185
75.0	85.0	0.0021026051239041443
84.0	85.0	0.006668929596571839
42.0	86.0	0.003186830855150655
53.0	86.0	0.0049292424488524
54.0	86.0	0.0007878613764663151
63.0	86.0	0.007337765742129471
64.0	86.0	0.0020355939287740924
65.0	86.0	0.0013737061136338458
75.0	86.0	0.003565266976043215
76.0	86.0	0.0007504877285895757
85.0	86.0	0.005808361319792685
43.0	87.0	0.002932300794347059
54.0	87.0	0.003792743547981496
55.0	87.0	0.001727503523142715
64.0	87.0	0.005041215768081645
65.0	87.0	0.001939495276716836
66.0	87.0	0.0005743709788985918
76.0	87.0	0.002304909364554475
77.0	87.0	0.00022755347734707
86.0	87.0	0.003177770751003187
44.0	88.0	0.00299749708194999
55.0	88.0	0.0029948960096360666
65.0	88.0	0.0033096191385194765
66.0	88.0	0.0018417634653919435
77.0	88.0	0.0014949459638404217
87.0	88.0	0.0012673924864933517
45.0	89.0	0.02306908910511557
56.0	89.0	0.015641660189674597
67.0	89.0	0.011572726984289197
68.0	89.0	0.007882789384999672
78.0	89.0	0.004533013326448843
46.0	90.0	0.025586311609293297
56.0	90.0	0.01796831556118915
57.0	90.0	0.011431043833534438
67.0	90.0	0.01389938235580375
68.0	90.0	0.010209444756514224
69.0	90.0	0.0023448542066326628
78.0	90.0	0.006859668697963395
79.0	90.0	0.0019490952533842698
89.0	90.0	0.002326655371514552
47.0	91.0	0.01590437055915485
57.0	91.0	0.017338314993685017
58.0	91.0	0.006208335470178045
68.0	91.0	0.016116715916664803
69.0	91.0	0.008252125366783242
70.0	91.0	0.0017307679750262206
79.0	91.0	0.007856366413534849
80.0	91.0	0.00013710419330145718
90.0	91.0	0.005907271160150579
48.0	92.0	0.008583992006859331
58.0	92.0	0.012277773803030967
59.0	92.0	0.0011978796415074155
69.0	92.0	0.014321563699636164
70.0	92.0	0.004338670357826702
71.0	92.0	0.004758863237628974
80.0	92.0	0.006206542526154379
81.0	92.0	0.0019175389462021408
91.0	92.0	0.006069438332852922
49.0	93.0	0.0044847736800290305
59.0	93.0	0.008345887484390857
60.0	93.0	0.0010145799893266916
70.0	93.0	0.011486678200710143
71.0	93.0	0.0023891446052544674
72.0	93.0	0.005876634117919
81.0	93.0	0.005230468896681301
82.0	93.0	0.0026997492369974507
92.0	93.0	0.0071480078428834415
50.0	94.0	0.0025858836770162597
60.0	94.0	0.006259430339108613
61.0	94.0	0.0017223322929283554
71.0	94.0	0.009663154933689772
72.0	94.0	0.0013973762105163046
73.0	94.0	0.006867738048033693
82.0	94.0	0.004574261091437853
83.0	94.0	0.0027891112757569003
93.0	94.0	0.007274010328435304
51.0	95.0	0.0024729405648038884
61.0	95.0	0.0051823399462490845
62.0	95.0	0.001579384955272728
72.0	95.0	0.008120429902382598
73.0	95.0	0.0015372321679007694
74.0	95.0	0.004656061517707338
83.0	95.0	0.003933942416109393
84.0	95.0	0.0020893674154277638
94.0	95.0	0.006723053691866293
52.0	96.0	0.002245045577027399
62.0	96.0	0.005489245308865896
63.0	96.0	0.00105639623058712
73.0	96.0	0.00932657394995602
74.0	96.0	0.0015745569948691085
75.0	96.0	0.004592616299795654
84.0	96.0	0.004168163227545165
85.0	96.0	0.00249001117589151
95.0	96.0	0.006230618512576447
53.0	97.0	0.0031559871921204197
63.0	97.0	0.005424040371344035
64.0	97.0	0.00036525495923904477
74.0	97.0	0.008056506380713136
75.0	97.0	0.0018857869946706188
76.0	97.0	0.0021758304296068467
85.0	97.0	0.003989601105179234
86.0	97.0	0.0015555876159038843
96.0	97.0	0.00648104402406538
54.0	98.0	0.003664732061836
64.0	98.0	0.004948268853395355
65.0	98.0	0.0017453808409411144
75.0	98.0	0.006270255330769912
76.0	98.0	0.0021348102430892467
77.0	98.0	1.8596920306935722e-6
86.0	98.0	0.0030251689183276704
87.0	98.0	0.00023609656250847625
97.0	98.0	0.004332760084181561
55.0	99.0	0.0036612929018008944
65.0	99.0	0.0040300323436761425
66.0	99.0	0.0025081603575567712
76.0	99.0	0.0042576494574082325
77.0	99.0	0.0021613428560052494
87.0	99.0	0.0019337893786581795
88.0	99.0	0.0006663968921648278
98.0	99.0	0.0022266825887074745
56.0	100.0	0.021436444459041512
67.0	100.0	0.017367511253656112
68.0	100.0	0.013677573654366587
78.0	100.0	0.010327797595815758
79.0	100.0	0.005417224151236633
89.0	100.0	0.005794784269366915
90.0	100.0	0.0034681288978523628
57.0	101.0	0.018431734689133283
68.0	101.0	0.01721013561211307
69.0	101.0	0.009345545062231508
78.0	101.0	0.01386035955356224
79.0	101.0	0.008949786108983115
80.0	101.0	0.0012305238887497238
90.0	101.0	0.007000690855598846
91.0	101.0	0.0010934196954482667
100.0	101.0	0.003532561957746483
58.0	102.0	0.011902911444965969
69.0	102.0	0.013946701341571166
70.0	102.0	0.003963807999761704
79.0	102.0	0.013550942388322773
80.0	102.0	0.0058316801680893815
81.0	102.0	0.0022924013042671387
91.0	102.0	0.005694575974787924
92.0	102.0	0.0003748623580649979
101.0	102.0	0.004601156279339658
59.0	103.0	0.006337535883303603
70.0	103.0	0.009484426433919753
71.0	103.0	0.00036922421535140254
80.0	103.0	0.011355926259020396
81.0	103.0	0.0032160667373535186
82.0	103.0	0.004729552937186291
92.0	103.0	0.005137329799832762
93.0	103.0	0.0020245604272438452
102.0	103.0	0.0055129201905732405
60.0	104.0	0.0035396890351359067
71.0	104.0	0.006943413629717066
72.0	104.0	0.0013223650934564013
81.0	104.0	0.009784737921143899
82.0	104.0	0.0018545197874651476
83.0	104.0	0.005508852579729606
93.0	104.0	0.004554269024462598
94.0	104.0	0.002719741303972706
103.0	104.0	0.006587674449320649
61.0	105.0	0.0024945994872368764
72.0	105.0	0.005503387008845756
73.0	105.0	0.0017345203097882866
82.0	105.0	0.008680271889767305
83.0	105.0	0.001316899522572551
84.0	105.0	0.004717714194680267
94.0	105.0	0.004106010798329451
95.0	105.0	0.0026170428935368417
104.0	105.0	0.006825752102302157
62.0	106.0	0.0026143164658852308
73.0	106.0	0.006158519812130218
74.0	106.0	0.0009595386081066859
83.0	106.0	0.007630465325710045
84.0	106.0	0.0016231220160127272
85.0	106.0	0.005024106778867304
95.0	106.0	0.0036965229096006524
96.0	106.0	0.0025340956029757944
105.0	106.0	0.006313565803137494
64.0	108.0	0.004399995108763946
75.0	108.0	0.005720098668705275
76.0	108.0	0.0016746584004867639
85.0	108.0	0.007835002181227261
86.0	108.0	0.0025171601197444666
87.0	108.0	0.000637580496122351
97.0	108.0	0.00382658337605426
98.0	108.0	0.0004189010930980314
65.0	109.0	0.004621696285668075
76.0	109.0	0.004810314090475002
77.0	109.0	0.0027086440566594927
86.0	109.0	0.005824639714421308
87.0	109.0	0.0024810905793124227
88.0	109.0	0.001213698092819071
98.0	109.0	0.002790058380387652
99.0	109.0	0.0005473012006542433
108.0	109.0	0.0031331832707079364
66.0	110.0	0.004417443387219944
77.0	110.0	0.004070625885668422
87.0	110.0	0.003843072408321352
88.0	110.0	0.002575679921828
99.0	110.0	0.0019092830296631724
109.0	110.0	0.0013619818290089292
67.0	111.0	0.021245459430044203
78.0	111.0	0.014205745772203848
89.0	111.0	0.009672732445755006
90.0	111.0	0.0073460770742404535
100.0	111.0	0.0038779481763880908
68.0	112.0	0.019464109446562877
78.0	112.0	0.016114333388012048
79.0	112.0	0.011203759943432923
89.0	112.0	0.011581320061563205
90.0	112.0	0.009254664690048653
91.0	112.0	0.003347393529898074
100.0	112.0	0.00578653579219629
101.0	112.0	0.0022539738344498073
111.0	112.0	0.0019085876158081994
69.0	113.0	0.01703541422344304
79.0	113.0	0.0165834331730218
80.0	113.0	0.007767561243553981
90.0	113.0	0.014357446590116237
91.0	113.0	0.007610979827525585
92.0	113.0	0.0006793081859038228
101.0	113.0	0.006362227326935162
102.0	113.0	0.0011074240401906606
112.0	113.0	0.0037880506647152055
70.0	114.0	0.008553280892379403
80.0	114.0	0.010424780717482476
81.0	114.0	0.0022849211958050277
91.0	114.0	0.010287410249558912
92.0	114.0	0.004206184258286766
93.0	114.0	0.0029557059687991423
102.0	114.0	0.004581774649027733
103.0	114.0	0.0009329574693386938
113.0	114.0	0.004124231353239271
71.0	115.0	0.0047456130489396085
81.0	115.0	0.0075924555709422125
82.0	115.0	0.00035316410359895845
92.0	115.0	0.009513718633421785
93.0	115.0	0.002351828406343951
94.0	115.0	0.004936309019911182
103.0	115.0	0.004384904903500052
104.0	115.0	0.002211285615733634
114.0	115.0	0.005317862372844616
72.0	116.0	0.0028756061423359236
82.0	116.0	0.0060524910232574725
83.0	116.0	0.0013108813439372813
93.0	116.0	0.008752240260254923
94.0	116.0	0.001478229931819619
95.0	116.0	0.005244823760046674
104.0	116.0	0.004197971235792325
105.0	116.0	0.0026277808665098323
115.0	116.0	0.00641740987133417
73.0	117.0	0.00341864385504884
83.0	117.0	0.00543886527297105
84.0	117.0	0.0005779442921673929
94.0	117.0	0.00822797654872795
95.0	117.0	0.0015049228568616568
96.0	117.0	0.00472569565571479
105.0	117.0	0.0041219657503984986
106.0	117.0	0.0021916000527389956
116.0	117.0	0.006749746616908331
74.0	118.0	0.003678313419039375
84.0	118.0	0.006281006481072007
85.0	118.0	0.00038625475172124335
95.0	118.0	0.008334374936746713
96.0	118.0	0.0021037564241702666
97.0	118.0	0.0043760779512992
106.0	118.0	0.004637852027146061
117.0	118.0	0.006829452079885057
75.0	119.0	0.004316219293855061
85.0	119.0	0.006418824417759206
86.0	119.0	0.0010393480200676759
96.0	119.0	0.008908835593650716
97.0	119.0	0.0024329141019960613
98.0	119.0	0.0018272658784645698
108.0	119.0	0.001378633292439318
118.0	119.0	0.006805079169480449
76.0	120.0	0.004797817950596979
86.0	120.0	0.0058114379971644205
87.0	120.0	0.0024687157104505697
97.0	120.0	0.0069086911723671065
98.0	120.0	0.0027773200536058895
99.0	120.0	0.0005349263317923902
108.0	120.0	0.0031207360197593914
109.0	120.0	1.2374868861853017e-5
119.0	120.0	0.004473205001624264
77.0	121.0	0.005061176980677734
87.0	121.0	0.004833623503330664
88.0	121.0	0.0035662310168373124
98.0	121.0	0.005211686721305096
99.0	121.0	0.0028998341246724846
109.0	121.0	0.0023525329240182413
110.0	121.0	0.0009905510950093122
120.0	121.0	0.0023649077928800943
78.0	122.0	0.019173003593319804
89.0	122.0	0.014639990266870961
90.0	122.0	0.01231333489535641
100.0	122.0	0.008845205997504046
101.0	122.0	0.005312644039757564
111.0	122.0	0.004967257821115956
112.0	122.0	0.0030586702053077564
79.0	123.0	0.018335233076972726
90.0	123.0	0.016127313961240855
91.0	123.0	0.009435605644953328
100.0	123.0	0.012198645992810541
101.0	123.0	0.00819698878263932
102.0	123.0	0.0029848366900289453
112.0	123.0	0.005643705711019194
113.0	123.0	0.002195809153300863
122.0	123.0	0.002178869190950415
80.0	124.0	0.010622114621265416
91.0	124.0	0.010485010427963959
92.0	124.0	0.004415572095111037
101.0	124.0	0.009391590732515692
102.0	124.0	0.0047904344531760346
103.0	124.0	0.000713182075035199
113.0	124.0	0.004363546555291099
114.0	124.0	0.00021796346651654246
123.0	124.0	0.002441728165363816
81.0	125.0	0.0061263550872769105
92.0	125.0	0.008047618149756306
93.0	125.0	0.000885727922679132
102.0	125.0	0.008423208540496814
103.0	125.0	0.0029159515165187453
104.0	125.0	0.0036773860993980327
114.0	125.0	0.0038489089858613117
115.0	125.0	0.0014689533869811572
124.0	125.0	0.003623470424958393
82.0	126.0	0.0035900170670693787
93.0	126.0	0.0062897663040668295
94.0	126.0	0.0009842440243684747
103.0	126.0	0.008326542296015912
104.0	126.0	0.0017354972796042312
105.0	126.0	0.005090254822697926
115.0	126.0	0.003950153462429195
116.0	126.0	0.0024624739561880937
125.0	126.0	0.005416253946093433
83.0	127.0	0.002806707378492257
94.0	127.0	0.005595818654249157
95.0	127.0	0.0011272350376171358
104.0	127.0	0.008315559958221863
105.0	127.0	0.0014898078559197059
106.0	127.0	0.004823757947217788
116.0	127.0	0.004117588722429538
117.0	127.0	0.0026321578944787927
126.0	127.0	0.006580062678617632
84.0	128.0	0.0035985837301204275
95.0	128.0	0.005663488639225556
96.0	128.0	0.0005671298733508912
105.0	128.0	0.008280531532762397
106.0	128.0	0.0019669657296249032
117.0	128.0	0.004158565782363899
118.0	128.0	0.002670886297521158
127.0	128.0	0.0067907236768426915
85.0	129.0	0.00438868799678474
96.0	129.0	0.00687869917267625
97.0	129.0	0.0004016103635304025
106.0	129.0	0.009412794775652045
108.0	129.0	0.0034206442239286335
118.0	129.0	0.004774942748505984
119.0	129.0	0.0020301364209744654
128.0	129.0	0.0074458290460271415
86.0	130.0	0.005686790900160888
97.0	130.0	0.006798250748560904
98.0	130.0	0.0026388032175024864
108.0	130.0	0.0029874234699665417
109.0	130.0	0.0001632335975995611
119.0	130.0	0.004348582965553367
120.0	130.0	0.00015078634665100023
129.0	130.0	0.00639059389704525
87.0	131.0	0.0057638564741372
98.0	131.0	0.00617665413358795
99.0	131.0	0.003795732546226148
108.0	131.0	0.0064471402814451125
109.0	131.0	0.0032387139791216564
110.0	131.0	0.001852550079042468
120.0	131.0	0.003251308564540609
121.0	131.0	0.0008444116884701391
130.0	131.0	0.003424145026866907
88.0	132.0	0.005884108222182244
99.0	132.0	0.005217711330017416
109.0	132.0	0.004670410129363173
110.0	132.0	0.0033084283003542436
121.0	132.0	0.0023178772053449315
131.0	132.0	0.0015146195690933684
89.0	133.0	0.01868379657545688
100.0	133.0	0.012889012306089964
111.0	133.0	0.009011064129701873
112.0	133.0	0.007102476513893674
122.0	133.0	0.004043806308585918
90.0	134.0	0.016799843521225016
100.0	134.0	0.013331714623372654
101.0	134.0	0.00979915266562617
111.0	134.0	0.009453766446984563
112.0	134.0	0.0075451788311763635
113.0	134.0	0.004829007334199537
122.0	134.0	0.004486508625868607
123.0	134.0	0.002903410980196391
133.0	134.0	0.0004427023172826894
91.0	135.0	0.021966002415437162
101.0	135.0	0.020026286999577265
102.0	135.0	0.011863882569724047
112.0	135.0	0.01602776034798378
113.0	135.0	0.013015873144489744
114.0	135.0	0.0037645610524246072
123.0	135.0	0.009077187763556338
124.0	135.0	0.0033657005850996824
134.0	135.0	0.002642689862078132
92.0	136.0	0.007546581576906297
102.0	136.0	0.007921443934971295
103.0	136.0	0.0024239082445954596
113.0	136.0	0.007939351834855998
114.0	136.0	0.003355053786151275
115.0	136.0	0.0019524805889922685
124.0	136.0	0.0031310094817952605
125.0	136.0	0.00048638010532748633
135.0	136.0	0.0021886783823945187
93.0	137.0	0.004366421515505877
103.0	137.0	0.006403418234654637
104.0	137.0	0.00019669250656770322
114.0	137.0	0.007336375704001002
115.0	137.0	0.0020185133311587814
116.0	137.0	0.004402816762164548
125.0	137.0	0.003487466718138463
126.0	137.0	0.001935560353261738
136.0	137.0	0.003967073698154545
94.0	138.0	0.0028841396867444746
104.0	138.0	0.0056038809907171805
105.0	138.0	0.0012218711115849767
115.0	138.0	0.00782605009043723
116.0	138.0	0.0014059097549248556
117.0	138.0	0.005343836861983475
126.0	138.0	0.0038683837111129493
127.0	138.0	0.0027116789675046826
137.0	138.0	0.005811456981266371
95.0	139.0	0.0032042986370933724
105.0	139.0	0.005821341530630214
106.0	139.0	0.0004922242725072801
116.0	139.0	0.008449122397140046
117.0	139.0	0.0016993757802317155
118.0	139.0	0.005130076299653341
127.0	139.0	0.004331533674710508
128.0	139.0	0.0024591900021321833
138.0	139.0	0.007043212642215191
96.0	140.0	0.004349765782044268
106.0	140.0	0.0068838613850200625
117.0	140.0	0.009075461437759058
118.0	140.0	0.0022460093578740015
119.0	140.0	0.004559069811606448
128.0	140.0	0.004916895655395159
129.0	140.0	0.002528933390631982
139.0	140.0	0.007376085657527343
97.0	141.0	0.00530207108642971
108.0	141.0	0.0015056472882668947
118.0	141.0	0.009672587352176826
119.0	141.0	0.0028675081826963766
120.0	141.0	0.0016056968189278875
129.0	141.0	0.004897644603670842
130.0	141.0	0.0014643023848435273
140.0	141.0	0.007426577994302824
98.0	142.0	0.006308381954467992
108.0	142.0	0.006572140254365182
109.0	142.0	0.003406687453864663
119.0	142.0	0.00790972441659846
120.0	142.0	0.0034191104835515403
121.0	142.0	0.0010449988832062836
130.0	142.0	0.003590564184778665
131.0	142.0	0.00021586982805307879
141.0	142.0	0.005031056393633565
99.0	143.0	0.0065405582129520745
109.0	143.0	0.005993257012297831
110.0	143.0	0.004631275183288902
120.0	143.0	0.006005631881159684
121.0	143.0	0.00364072408827959
131.0	143.0	0.0028609536797258254
132.0	143.0	0.0013228468829346585
142.0	143.0	0.002609894266397045
100.0	144.0	0.017027839435227426
111.0	144.0	0.013149891258839336
112.0	144.0	0.011241303643031136
122.0	144.0	0.00818263343772338
123.0	144.0	0.007090350849889927
133.0	144.0	0.004138827129137462
134.0	144.0	0.003696124811854773
101.0	145.0	0.014710736762724962
112.0	145.0	0.012156584876345054
113.0	145.0	0.009775989721044907
122.0	145.0	0.008690569363965424
123.0	145.0	0.007508344607238934
124.0	145.0	0.0040683997404682894
134.0	145.0	0.0036065598271736122
135.0	145.0	0.003794492490692534
144.0	145.0	0.0005818047475193576
102.0	146.0	0.009638586866317134
113.0	146.0	0.009936930023041579
114.0	146.0	0.004526958340746675
123.0	146.0	0.007698245955099427
124.0	146.0	0.004273493683813351
125.0	146.0	0.0002237049115703975
135.0	146.0	0.0042018135614443845
136.0	146.0	0.0007668894729995789
145.0	146.0	0.0002908286415673558
103.0	147.0	0.005263056054692512
114.0	147.0	0.006194201596252015
115.0	147.0	0.0008866672211052706
124.0	147.0	0.005964653976506112
125.0	147.0	0.002352767704769791
126.0	147.0	0.003057548075333122
136.0	147.0	0.002833644494710852
137.0	147.0	0.0011279258880594978
146.0	147.0	0.00240667795784862
104.0	148.0	0.003120047525147801
115.0	148.0	0.0053373926891361265
116.0	148.0	0.0010779237106445239
125.0	148.0	0.006803493172800237
126.0	148.0	0.0013845502455435699
127.0	148.0	0.005195512433074062
137.0	148.0	0.0033227995799674525
138.0	148.0	0.0024838334655693795
147.0	148.0	0.004442098320876692
105.0	149.0	0.0027703377389932393
116.0	149.0	0.005398118605503072
117.0	149.0	0.0013516280114052592
126.0	149.0	0.007860592561691165
127.0	149.0	0.0012805298830735334
128.0	149.0	0.005510193793769158
138.0	149.0	0.003992208850578216
139.0	149.0	0.0030510037916369748
148.0	149.0	0.0064760423161475955
106.0	150.0	0.004124879697547268
117.0	150.0	0.0063164797502862635
118.0	150.0	0.0005129723295987931
127.0	150.0	0.008948637644765056
128.0	150.0	0.0021579139679223647
129.0	150.0	0.005287915078104777
139.0	150.0	0.004617103970054548
140.0	150.0	0.0027589816874727946
149.0	150.0	0.007668107761691523
118.0	151.0	0.007464672325752375
119.0	151.0	0.0006595931562719259
128.0	151.0	0.010135558623273533
129.0	151.0	0.0026897295772463914
130.0	151.0	0.003685131770092326
140.0	151.0	0.005218662967878374
141.0	151.0	0.0022079150264244507
150.0	151.0	0.007977644655351168
108.0	152.0	0.00595002319761829
119.0	152.0	0.007286039573953518
120.0	152.0	0.0028128345723292536
129.0	152.0	0.009316175994927983
130.0	152.0	0.0029800735245134563
131.0	152.0	0.00038853194152596273
141.0	152.0	0.004418531391257141
142.0	152.0	0.0005953288510819239
151.0	152.0	0.006626446417681592
109.0	153.0	0.007282650809892413
120.0	153.0	0.007295285946558335
121.0	153.0	0.0048806394966509235
130.0	153.0	0.007492836382868499
131.0	153.0	0.004106657749453675
132.0	153.0	0.0025140127799317307
142.0	153.0	0.0038329705682109117
143.0	153.0	0.0011633438281586877
152.0	153.0	0.0044232919370244365
110.0	154.0	0.0073952818040150525
121.0	154.0	0.00640473070900574
131.0	154.0	0.005674035407856091
132.0	154.0	0.004086853503660809
143.0	154.0	0.0027640066207261504
153.0	154.0	0.001658795282021567
111.0	155.0	0.017857395626181716
122.0	155.0	0.01289013780506576
133.0	155.0	0.008846331496479842
134.0	155.0	0.008403629179197153
144.0	155.0	0.00470750436734238
112.0	156.0	0.01435094750849894
122.0	156.0	0.011292277303191184
123.0	156.0	0.010612929914080535
133.0	156.0	0.007248470994605266
134.0	156.0	0.006805768677322577
135.0	156.0	0.009430674533253088
144.0	156.0	0.003109643865467804
145.0	156.0	0.004105582452282756
155.0	156.0	0.0015978605018745762
113.0	157.0	0.019111106155941488
123.0	157.0	0.015403174803213977
124.0	157.0	0.008837007938878766
134.0	157.0	0.008161414113118862
135.0	157.0	0.020565921794616877
136.0	157.0	0.003646899387393423
145.0	157.0	0.003583808647292495
146.0	157.0	0.003054088391028581
156.0	157.0	0.0031201480849456587
114.0	158.0	0.006012034572843082
124.0	158.0	0.0057828400599625185
125.0	158.0	0.0021706006813610812
135.0	158.0	0.006892998849761716
136.0	158.0	0.002651830578167258
137.0	158.0	0.0013100929114680648
146.0	158.0	0.00220305371172505
147.0	158.0	0.0001818139165435939
157.0	158.0	0.0007488996802429364
115.0	159.0	0.0033908715071202344
125.0	159.0	0.004856971990784524
126.0	159.0	0.000558197860645343
136.0	159.0	0.005332994709398631
137.0	159.0	0.001376278397953268
138.0	159.0	0.004426581571758292
147.0	159.0	0.002499350214687779
148.0	159.0	0.001942748106188913
158.0	159.0	0.0026811641312313728
116.0	160.0	0.002413190826392214
126.0	160.0	0.004875664782580308
127.0	160.0	0.001704397896037324
137.0	160.0	0.0068206943268630926
138.0	160.0	0.0010072810714673586
139.0	160.0	0.006035931570747832
148.0	160.0	0.003491114537036738
149.0	160.0	0.0029849277791108575
159.0	160.0	0.005433862643225651
117.0	161.0	0.0032151688376361176
127.0	161.0	0.00584732673211491
128.0	161.0	0.0009433969447277812
138.0	161.0	0.008559005699619593
139.0	161.0	0.001515793057404402
140.0	161.0	0.0058602926001229405
149.0	161.0	0.004566796849041377
150.0	161.0	0.003101310912650146
160.0	161.0	0.007551724628152234
118.0	162.0	0.004453066638022085
128.0	162.0	0.007123952935543243
129.0	162.0	0.0003218761104838985
139.0	162.0	0.009583142937675426
140.0	162.0	0.0022070572801480837
141.0	162.0	0.005219520714154741
150.0	162.0	0.004966038967620878
151.0	162.0	0.00301160568773029
161.0	162.0	0.008067349880271024
119.0	163.0	0.005759874361788431
129.0	163.0	0.007790010782762896
130.0	163.0	0.0014449815896533137
140.0	163.0	0.010318944173394878
141.0	163.0	0.002892366179092054
142.0	163.0	0.0021274336312991295
151.0	163.0	0.005100281205516505
152.0	163.0	0.001526165212165087
162.0	163.0	0.008111886893246795
120.0	164.0	0.007487879293058503
130.0	164.0	0.007683215745573947
131.0	164.0	0.0043573140679808164
141.0	164.0	0.009099750320875268
142.0	164.0	0.0040848243260981345
143.0	164.0	0.001459154617974787
152.0	164.0	0.004664228838169919
153.0	164.0	0.0003220524453867193
163.0	164.0	0.006196262445107773
121.0	165.0	0.008147162087773219
131.0	165.0	0.007447403762829093
132.0	165.0	0.005829284882428287
142.0	165.0	0.0071338705343279895
143.0	165.0	0.004506437999493629
153.0	165.0	0.0034378734158985137
154.0	165.0	0.0017424313787674783
164.0	165.0	0.0030646114905526637
122.0	166.0	0.016545304783882137
133.0	166.0	0.012501498475296219
134.0	166.0	0.01205879615801353
144.0	166.0	0.008362671346158757
145.0	166.0	0.010058193722185707
155.0	166.0	0.0036551669788163765
156.0	166.0	0.005253027480690953
123.0	167.0	0.014561635165276298
134.0	167.0	0.009714671531025811
135.0	167.0	0.01589629309140123
144.0	167.0	0.005519173590837173
145.0	167.0	0.00704130848492272
146.0	167.0	0.006655152169023526
156.0	167.0	0.001989394404148002
157.0	167.0	0.007506379594908043
166.0	167.0	0.003973354987946702
124.0	168.0	0.00696820255068564
135.0	168.0	0.00904363000576386
136.0	168.0	0.0037960001685103974
145.0	168.0	0.0037809079709413673
146.0	168.0	0.0034798800195765937
147.0	168.0	0.0009250750344205871
157.0	168.0	0.002620219718036009
158.0	168.0	0.0011092809726413497
167.0	168.0	0.002405814323625828
125.0	169.0	0.0039000221209773704
136.0	169.0	0.0043778997613126425
137.0	169.0	0.00041932852814686647
146.0	169.0	0.0041361815099529315
147.0	169.0	0.0015442552666017906
148.0	169.0	0.002897843054274901
158.0	169.0	0.0017260691831453845
159.0	169.0	0.0009550949480859883
168.0	169.0	0.0006394971151955328
126.0	170.0	0.0017533098617187604
137.0	170.0	0.003692275376479504
138.0	170.0	0.002115073849394189
147.0	170.0	0.004810857937051882
148.0	170.0	0.0003687596161751905
149.0	170.0	0.006107282699972405
159.0	170.0	0.0023115077223641034
160.0	170.0	0.0031223549208615475
169.0	170.0	0.0032666026704500917
127.0	171.0	0.0027352320537255004
138.0	171.0	0.005446911021230183
139.0	171.0	0.0015963016209850078
148.0	171.0	0.007930744486799562
149.0	171.0	0.001454702170651967
150.0	171.0	0.006213405591039556
160.0	171.0	0.0044396299497628244
161.0	171.0	0.00311209467838941
170.0	171.0	0.007561984870624372
128.0	172.0	0.004353473432535504
139.0	172.0	0.006812663434667687
140.0	172.0	0.0005634222228596553
149.0	172.0	0.009863667226304662
150.0	172.0	0.0021955594646131393
151.0	172.0	0.005782085190738029
161.0	172.0	0.005296870377263285
162.0	172.0	0.002770479503007739
171.0	172.0	0.008408965055652695
129.0	173.0	0.004906353181840628
140.0	173.0	0.00743528657247261
141.0	173.0	8.708578169785985e-6
150.0	173.0	0.010194268259945405
151.0	173.0	0.0022166236045942367
152.0	173.0	0.004409822813087355
162.0	173.0	0.005228229292324527
163.0	173.0	0.002883657600922268
172.0	173.0	0.007998708795332266
130.0	174.0	0.007070042955219773
141.0	174.0	0.008484717215190424
142.0	174.0	0.003486681856829384
151.0	174.0	0.010692632241614874
152.0	174.0	0.004066185823933283
153.0	174.0	0.00027158623670745364
163.0	174.0	0.00559235103609837
164.0	174.0	0.0005824077583390044
173.0	174.0	0.008476008637020638
131.0	175.0	0.009006190649972153
142.0	175.0	0.008667204861804655
143.0	175.0	0.006000764633135601
152.0	175.0	0.009233649103564095
153.0	175.0	0.004950329530492628
154.0	175.0	0.0032020545316226432
164.0	175.0	0.004546583181263652
165.0	175.0	0.0014377460584148118
174.0	175.0	0.005116410289902668
132.0	176.0	0.009160156707400002
143.0	176.0	0.007837309824465344
153.0	176.0	0.006838800019243831
154.0	176.0	0.005073303203739193
165.0	176.0	0.003330871824971715
175.0	176.0	0.0019349465225255904
133.0	177.0	0.01855232542092672
144.0	177.0	0.014413498291789256
155.0	177.0	0.009705993924446876
156.0	177.0	0.011303854426321452
166.0	177.0	0.0060508269456305
134.0	178.0	0.014501631186147446
144.0	178.0	0.010805506374292673
145.0	178.0	0.012826358817920361
155.0	178.0	0.006098002006950293
156.0	178.0	0.007695862508824869
157.0	178.0	0.01587717167441279
166.0	178.0	0.002442835028133916
167.0	178.0	0.006746234652584822
177.0	178.0	0.0036079919174965835
135.0	179.0	0.0297354420310425
145.0	179.0	0.00953950905397103
146.0	179.0	0.008963113185122728
156.0	179.0	0.0024659938849301063
157.0	179.0	0.012907559054421086
158.0	179.0	0.004598825658893137
167.0	179.0	0.00017884183552719586
168.0	179.0	0.0030249546244575333
178.0	179.0	0.009008377673465308
136.0	180.0	0.0046939342767031555
146.0	180.0	0.004489264054980173
147.0	180.0	0.0018495766731295557
157.0	180.0	0.004130468841964679
158.0	180.0	0.0020320779702829367
159.0	180.0	0.0006592227900387791
168.0	180.0	0.0009453850699191432
169.0	180.0	0.0002994830683686007
179.0	180.0	0.0015893764619160252
137.0	181.0	0.002039385188470291
147.0	181.0	0.0031865677876045315
148.0	181.0	0.0013560952128231021
158.0	181.0	0.003372497790045904
159.0	181.0	0.000630634774592728
160.0	181.0	0.00492624510417488
169.0	181.0	0.0016073521205764814
170.0	181.0	0.0017332031792492764
180.0	181.0	0.0013072778323214831
138.0	182.0	0.0010993038757416973
148.0	182.0	0.0035831373413110768
149.0	182.0	0.0028929049748365188
159.0	182.0	0.00552588544749999
160.0	182.0	9.202280427433873e-5
161.0	182.0	0.007459701823877896
170.0	182.0	0.0032143777251358863
171.0	182.0	0.004347607145488486
181.0	182.0	0.0050203512130396945
139.0	183.0	0.003245842013768596
149.0	183.0	0.006296845805405571
150.0	183.0	0.0013712619562859518
160.0	183.0	0.009281773584516428
161.0	183.0	0.001730048956364194
162.0	183.0	0.00633730092390683
171.0	183.0	0.004842143634753604
172.0	183.0	0.003566821420899091
182.0	183.0	0.00918975078024209
140.0	184.0	0.004336243595639805
150.0	184.0	0.0070952252831125995
151.0	184.0	0.0008824193722385687
161.0	184.0	0.010196536195762745
162.0	184.0	0.002129186315491721
163.0	184.0	0.0059827005777550735
172.0	184.0	0.00489966581849946
173.0	184.0	0.0030990429768328054
183.0	184.0	0.008466487239398551
141.0	185.0	0.006094342966132732
151.0	185.0	0.008302257992557183
152.0	185.0	0.0016758115748755908
162.0	185.0	0.011313863680287473
163.0	185.0	0.003201976787040678
164.0	185.0	0.0029819734498672166
173.0	185.0	0.006085634387962946
174.0	185.0	0.002390374249057692
184.0	185.0	0.009184677364795751
142.0	186.0	0.010405849921232132
152.0	186.0	0.011035141866878201
153.0	186.0	0.006249008402192102
163.0	186.0	0.012772862034765804
164.0	186.0	0.005769871583219899
165.0	186.0	0.0022686489826596987
174.0	186.0	0.006405306868474885
175.0	186.0	0.0006612393689804873
185.0	186.0	0.009127031560059205
143.0	187.0	0.00987412368308152
153.0	187.0	0.00891845207487014
154.0	187.0	0.00711011706235537
164.0	187.0	0.008452936943908817
165.0	187.0	0.005367685683587892
175.0	187.0	0.003997333594345656
176.0	187.0	0.0020368138586161766
186.0	187.0	0.003843098024087872
144.0	188.0	0.01819077747733472
155.0	188.0	0.013483273109992339
156.0	188.0	0.015081133611866915
166.0	188.0	0.009828106131175962
167.0	188.0	0.015129309163804824
177.0	188.0	0.0037772791855454624
178.0	188.0	0.007385271103042046
145.0	189.0	0.01250337485105063
156.0	189.0	0.007410837403562631
157.0	189.0	0.015404700656739172
166.0	189.0	0.0021578099228716785
167.0	189.0	0.006422700599244864
168.0	189.0	0.007848367274816293
178.0	189.0	0.0002850251052622377
179.0	189.0	0.008583411146646592
188.0	189.0	0.007670296208304284
146.0	190.0	0.006170040457342527
157.0	190.0	0.006622991115185909
158.0	190.0	0.0035330440723745304
167.0	190.0	0.0003849845297869852
168.0	190.0	0.00246654273249613
169.0	190.0	0.001801039918202523
179.0	190.0	0.0006541614622367097
180.0	190.0	0.0015073558520823907
189.0	190.0	0.005338684184124171
147.0	191.0	0.0026402277246636748
158.0	191.0	0.002834424323998828
159.0	191.0	2.9344118169239316e-5
168.0	191.0	0.001688398034900889
169.0	191.0	0.0009907988636580708
170.0	191.0	0.0024982802015763843
180.0	191.0	0.0006748387543689996
181.0	191.0	0.000704679966798208
190.0	191.0	0.0009297142404445585
150.0	194.0	0.0035304955264231497
161.0	194.0	0.006631806439073296
162.0	194.0	0.0014355434411977286
171.0	194.0	0.009743901117462705
172.0	194.0	0.0013349360618100103
173.0	194.0	0.006663772733522255
183.0	194.0	0.0049017574827091015
184.0	194.0	0.00356472975668945
151.0	195.0	0.004990683297999093
162.0	195.0	0.008002288985729383
163.0	195.0	0.00010959790751741139
172.0	195.0	0.010772768488737122
173.0	195.0	0.0027740596934048567
174.0	195.0	0.005701948943615781
184.0	195.0	0.005873102670237662
185.0	195.0	0.0033115746945580893
194.0	195.0	0.009437832426927112
152.0	196.0	0.009243942760480184
163.0	196.0	0.01077010797264527
164.0	196.0	0.004615258635912007
173.0	196.0	0.013653765573567539
174.0	196.0	0.005177756936546901
175.0	196.0	0.00012635596573153988
185.0	196.0	0.007568131185604593
186.0	196.0	0.0005098162745743477
195.0	196.0	0.010879705880162682
153.0	197.0	0.010887964565351347
164.0	197.0	0.01038929712474309
165.0	197.0	0.007296628712532061
174.0	197.0	0.010929678196922837
175.0	197.0	0.005950495464461132
176.0	197.0	0.0039657568875603455
186.0	197.0	0.006039428524471404
187.0	197.0	0.001928943028944169
196.0	197.0	0.005751921260375936
154.0	198.0	0.010855797150800733
165.0	198.0	0.009113365772033255
175.0	198.0	0.007790042563260466
176.0	198.0	0.00578249394706154
187.0	198.0	0.0037456800884453634
197.0	198.0	0.0018167370595011945
155.0	199.0	0.021360422955935515
166.0	199.0	0.01770525597711914
177.0	199.0	0.011654429031488639
178.0	199.0	0.015262420948985223
188.0	199.0	0.007877149845943177
156.0	200.0	0.017278479111427963
166.0	200.0	0.01202545163073701
167.0	200.0	0.017623531893438498
177.0	200.0	0.005974624685106511
178.0	200.0	0.009582616602603095
179.0	200.0	0.023295860496064007
188.0	200.0	0.0021973454995610486
189.0	200.0	0.009867641707865332
199.0	200.0	0.005679804346382128
157.0	201.0	0.013424882810628489
167.0	201.0	0.005066980420299494
168.0	201.0	0.00663829954205028
178.0	201.0	0.001479379401884029
179.0	201.0	0.006802653634920064
180.0	201.0	0.0056438064631327434
189.0	201.0	0.0011943542966217913
190.0	201.0	0.0041402231818064615
200.0	201.0	0.011061996004487124
158.0	202.0	0.0030829672034380622
168.0	202.0	0.0020086821063368815
169.0	202.0	0.001348027473528264
179.0	202.0	2.5884848137257635e-5
180.0	202.0	0.0010521222190776913
181.0	202.0	0.00023709467392600867
190.0	202.0	0.0004576412644858747
191.0	202.0	0.000444101410128089
201.0	202.0	0.004603305479815777
159.0	203.0	0.0009518746811945408
169.0	203.0	0.002041936287757384
170.0	203.0	0.0016862775009231507
180.0	203.0	0.0017087654113589182
181.0	203.0	0.0002544871013251919
182.0	203.0	0.0053548863174426
191.0	203.0	0.001060399765500408
202.0	203.0	0.0005142832837776221
162.0	206.0	0.0036054748279438775
172.0	206.0	0.0063759543309516165
173.0	206.0	0.001622754464380649
183.0	206.0	0.009942775751850708
184.0	206.0	0.0014762885124521563
185.0	206.0	0.007708388852343595
194.0	206.0	0.005041018269141606
195.0	206.0	0.004396814157785506
163.0	207.0	0.008207142152527214
173.0	207.0	0.011090799753449482
174.0	207.0	0.002614791116428844
184.0	207.0	0.014189842730282287
185.0	207.0	0.005005165365486536
186.0	207.0	0.0034280569471601794
195.0	207.0	0.008316740060044625
196.0	207.0	0.002562965820118057
206.0	207.0	0.01271355421783013
164.0	208.0	0.012080504348831893
174.0	208.0	0.012649444991352067
175.0	208.0	0.007362153704190516
185.0	208.0	0.015196688853706376
186.0	208.0	0.0076467976473837485
187.0	208.0	0.003058031670886326
196.0	208.0	0.007131894932995819
197.0	208.0	0.0010025007040320327
207.0	208.0	0.0098630567823561
165.0	209.0	0.012494128517871295
175.0	209.0	0.011213252470445797
176.0	209.0	0.00916325669289958
186.0	209.0	0.011957398716910114
187.0	209.0	0.007126442834283403
197.0	209.0	0.005197499805339234
198.0	209.0	0.0033807627458380396
208.0	209.0	0.004536087859644611
166.0	210.0	0.022197728297322278
177.0	210.0	0.016146901351691778
178.0	210.0	0.01975489326918836
188.0	210.0	0.012369622166146316
189.0	210.0	0.0200399183744506
199.0	210.0	0.004492472320203139
200.0	210.0	0.010172276666585267
167.0	211.0	0.016121567943590293
178.0	211.0	0.008259425338851517
179.0	211.0	0.021323009735580923
188.0	211.0	0.0008741542358094712
189.0	211.0	0.008544450444113755
190.0	211.0	0.013912514137657022
200.0	211.0	0.0013231912637515775
201.0	211.0	0.009738804740735546
210.0	211.0	0.011495467930336845
168.0	212.0	0.004057255616776867
179.0	212.0	0.0030043428184498393
180.0	212.0	0.0030866475087469886
189.0	212.0	0.0037418818592925007
190.0	212.0	0.0015839361195620321
191.0	212.0	0.0026123264468868525
201.0	212.0	0.0025475275626707095
202.0	212.0	0.0020426857638299123
211.0	212.0	0.012286332303406255
169.0	213.0	0.0015350750804299697
180.0	213.0	0.0012107766623038177
181.0	213.0	0.00020489167627654037
190.0	213.0	0.00044784197851189693
191.0	213.0	0.0005498415520866354
202.0	213.0	5.50050985365104e-5
203.0	213.0	0.0005094172874517142
212.0	213.0	0.0021885474511168204
174.0	218.0	0.01221356056390562
185.0	218.0	0.01460916363677238
186.0	218.0	0.007489540628095922
195.0	218.0	0.017927982234922233
196.0	218.0	0.007024477543688746
197.0	218.0	0.0012599742439748337
207.0	218.0	0.00959304972302329
208.0	218.0	0.0003380156396246283
175.0	219.0	0.013125113186231854
186.0	219.0	0.014107286069727292
187.0	219.0	0.009014596835472094
196.0	219.0	0.012837575066903861
197.0	219.0	0.007085653806527925
198.0	219.0	0.005268916747026731
208.0	219.0	0.0065481529965593045
209.0	219.0	0.001888154001188691
218.0	219.0	0.005841179074958306
176.0	220.0	0.013227066716207991
187.0	220.0	0.011190252857591815
197.0	220.0	0.009261309828647646
198.0	220.0	0.007444572769146451
209.0	220.0	0.004063810023308412
219.0	220.0	0.0021756560221197208
177.0	221.0	0.026081256672778746
188.0	221.0	0.022303977487233284
199.0	221.0	0.014426827641290108
200.0	221.0	0.020106631987672235
210.0	221.0	0.009934355321086968
178.0	222.0	0.023913765249711588
188.0	222.0	0.016528494146669542
189.0	222.0	0.024198790354973826
199.0	222.0	0.008651344300726366
200.0	222.0	0.014331148647108494
201.0	222.0	0.025393144651595617
210.0	222.0	0.004158871980523227
211.0	222.0	0.01565433991086007
221.0	222.0	0.005775483340563742
186.0	230.0	0.017549284199520263
196.0	230.0	0.015713817151773196
197.0	230.0	0.009462172651792857
207.0	230.0	0.018499451802816983
208.0	230.0	0.009045106289043021
209.0	230.0	0.003813117388200076
218.0	230.0	0.008114972883607576
219.0	230.0	0.0017609217752379374
187.0	231.0	0.01353661360923028
197.0	231.0	0.011607670580286111
198.0	231.0	0.009790933520784917
208.0	231.0	0.011366929586442476
209.0	231.0	0.006410170774946877
219.0	231.0	0.004522016773758186
220.0	231.0	0.0023463607516384655
230.0	231.0	0.0031539649230957114
188.0	232.0	0.028394702609703754
199.0	232.0	0.020517552763760577
200.0	232.0	0.026197357110142705
210.0	232.0	0.016025080443557438
211.0	232.0	0.027520548373894282
221.0	232.0	0.0060907251224704695
222.0	232.0	0.011866208463034211
196.0	240.0	0.01562848850045659
207.0	240.0	0.018191454320574646
208.0	240.0	0.009522221645760099
218.0	240.0	0.008638197491701912
219.0	240.0	0.0027909134335527275
230.0	240.0	0.0012724644320779106
197.0	241.0	0.016446595085260605
208.0	241.0	0.0165397026919136
209.0	241.0	0.010228004472906593
218.0	241.0	0.014981503012610644
219.0	241.0	0.007968907371179178
220.0	241.0	0.005365826154905402
230.0	241.0	0.006668185470751085
231.0	241.0	0.0025585038865436173
240.0	241.0	0.004629696456740111
198.0	242.0	0.013218930798306452
209.0	242.0	0.009805810105463707
219.0	242.0	0.007899584209942176
220.0	242.0	0.005703104554945262
231.0	242.0	0.003334286321796475
241.0	242.0	0.0014089913438734348
199.0	243.0	0.03145128607987355
210.0	243.0	0.026958813759670408
221.0	243.0	0.01702445843858344
222.0	243.0	0.02279994177914718
232.0	243.0	0.01093373331611297
200.0	244.0	0.03374352013715065
210.0	244.0	0.023571243470565384
211.0	244.0	0.03506671140090223
221.0	244.0	0.013636888149478416
222.0	244.0	0.019412371490042157
232.0	244.0	0.007546163027007946
243.0	244.0	0.003387570289105024
208.0	252.0	0.018094856926746967
218.0	252.0	0.016509104580358702
219.0	252.0	0.009841692882698986
230.0	252.0	0.00879938135519355
231.0	252.0	0.0047005326484533564
240.0	252.0	0.006668654417855269
241.0	252.0	0.0027902355875349255
209.0	253.0	0.028859762877217792
219.0	253.0	0.025208640589935764
220.0	253.0	0.021001575813005612
230.0	253.0	0.02611182860468881
231.0	253.0	0.01646441940048961
241.0	253.0	0.018065396075007626
242.0	253.0	0.01026624160915799
252.0	253.0	0.011040713108055801
210.0	254.0	0.03602091540052105
221.0	254.0	0.02608656007943408
222.0	254.0	0.03186204341999782
232.0	254.0	0.01999583495696361
243.0	254.0	0.00906210164085064
244.0	254.0	0.012449671929955664
218.0	262.0	0.01637080717077056
230.0	262.0	0.009658534186438774
240.0	262.0	0.007715731902422723
241.0	262.0	0.004601853283109214
252.0	262.0	0.0021034965978227885
219.0	263.0	0.013548294726171544
230.0	263.0	0.012859189342225684
231.0	263.0	0.008286914343059452
240.0	263.0	0.010301058387847523
241.0	263.0	0.00716837748669053
242.0	263.0	0.004493810128327454
252.0	263.0	0.004042961723864611
253.0	263.0	0.003696286130065403
262.0	263.0	0.0013237806589502942
220.0	264.0	0.012945800942527173
231.0	264.0	0.009987621584870729
241.0	264.0	0.009195171010112534
242.0	264.0	0.005894216695466516
253.0	264.0	0.0019093530974252267
263.0	264.0	0.001225114541442928
221.0	265.0	0.0357899006606586
232.0	265.0	0.029699175538188127
243.0	265.0	0.018765442222075157
244.0	265.0	0.02215301251118018
254.0	265.0	0.009703340581224518
222.0	266.0	0.04111385074938359
232.0	266.0	0.02924764228634938
243.0	266.0	0.01831390897023641
244.0	266.0	0.021701479259341433
254.0	266.0	0.00925180732938577
265.0	266.0	0.00045153325183874826
230.0	274.0	0.015435295827520196
240.0	274.0	0.012661144347474526
241.0	274.0	0.010112599500165737
252.0	274.0	0.0068450912462570115
253.0	274.0	0.0018983099967072351
262.0	274.0	0.0037594922967375552
263.0	274.0	0.0029203226756023136
231.0	275.0	0.017402382334969872
241.0	275.0	0.019212257030931285
242.0	275.0	0.011718380702039566
252.0	275.0	0.012780236583608131
253.0	275.0	0.015983201517645873
263.0	275.0	0.006292749841361417
264.0	275.0	0.005214630710487352
274.0	275.0	0.0012333464326375755
232.0	276.0	0.039189625761941266
243.0	276.0	0.028255892445828296
244.0	276.0	0.03164346273493332
254.0	276.0	0.019193790804977656
265.0	276.0	0.009490450223753139
266.0	276.0	0.009941983475591887
240.0	284.0	0.014067454311783828
252.0	284.0	0.00932488128163829
262.0	284.0	0.006351722409361105
263.0	284.0	0.0060664678420104985
274.0	284.0	0.0035684998530736054
241.0	285.0	0.012832043285385772
252.0	285.0	0.00955421704224577
253.0	285.0	0.007359110964003206
262.0	285.0	0.006222760652188011
263.0	285.0	0.005876422232074708
264.0	285.0	0.005285591663359707
274.0	285.0	0.0030572106201002575
275.0	285.0	0.00393352296892948
284.0	285.0	0.0008289072181535533
242.0	286.0	0.0089980581993359
253.0	286.0	0.006742028336098327
263.0	286.0	0.005543899864053201
264.0	286.0	0.0049250821173295245
275.0	286.0	0.003406260466568347
285.0	286.0	0.00028456326750020026
243.0	287.0	0.038158458383502125
254.0	287.0	0.029096356742651486
265.0	287.0	0.019393016161426968
266.0	287.0	0.019844549413265716
276.0	287.0	0.00990256593767383
244.0	288.0	0.0416417009506313
254.0	288.0	0.029192029020675636
265.0	288.0	0.01948868843945112
266.0	288.0	0.019940221691289867
276.0	288.0	0.00999823821569798
287.0	288.0	9.567227802415035e-5
252.0	296.0	0.011712860815349358
262.0	296.0	0.008452120571414729
263.0	296.0	0.008510287544468014
274.0	296.0	0.005991732521479046
275.0	296.0	0.008308551402458316
284.0	296.0	0.002100398162053624
285.0	296.0	0.0031607645128692756
253.0	297.0	0.13064156649059375
263.0	297.0	0.010102921039653861
264.0	297.0	0.009660229034754287
274.0	297.0	0.004119283383256832
275.0	297.0	0.015977226935961566
285.0	297.0	0.002085154915071756
286.0	297.0	0.0014971742471547563
296.0	297.0	0.007365268616375817
254.0	298.0	0.03903980294880793
265.0	298.0	0.029336462367583416
266.0	298.0	0.029787995619422164
276.0	298.0	0.019846012143830277
287.0	298.0	0.009943446206156448
288.0	298.0	0.009847773928132297
262.0	306.0	0.014340546551912331
274.0	306.0	0.01278521885146034
284.0	306.0	0.007988824142551226
285.0	306.0	0.0096980817344725
296.0	306.0	0.0058884259804976025
263.0	307.0	0.011789915086405017
274.0	307.0	0.009038544527159945
275.0	307.0	0.0135287485448568
284.0	307.0	0.004444324221212647
285.0	307.0	0.005864935156115096
286.0	307.0	0.006108179522059313
296.0	307.0	0.0021987711352826358
297.0	307.0	0.013182856674863713
306.0	307.0	0.00409659389153139
264.0	308.0	0.012253038151063992
275.0	308.0	0.015243255086966591
285.0	308.0	0.004812188163060111
286.0	308.0	0.005121954094900466
297.0	308.0	0.015075637610497471
307.0	308.0	0.0023830531890696375
265.0	309.0	0.038853787572950715
276.0	309.0	0.029363337349197577
287.0	309.0	0.019460771411523747
288.0	309.0	0.019365099133499597
298.0	309.0	0.0095173252053673
266.0	310.0	0.03966240514328814
276.0	310.0	0.029720421667696256
287.0	310.0	0.019817855730022427
288.0	310.0	0.019722183451998276
298.0	310.0	0.009874409523865979
309.0	310.0	0.0003570843184986794
274.0	318.0	0.013838419701297377
284.0	318.0	0.00890171259858491
285.0	318.0	0.010711568436147479
296.0	318.0	0.006801314436531286
297.0	318.0	0.020967897489992615
306.0	318.0	0.0009128884560336836
307.0	318.0	0.005072570507104141
275.0	319.0	0.02943961974794084
285.0	319.0	0.009538156381557007
286.0	319.0	0.009854230570574557
296.0	319.0	0.004059346251604387
297.0	319.0	0.03374195564380943
307.0	319.0	0.001201390026113235
308.0	319.0	0.005270104906560619
318.0	319.0	0.005762808535109284
276.0	320.0	0.038884630132929726
287.0	320.0	0.028982064195255897
288.0	320.0	0.028886391917231746
298.0	320.0	0.01903861798909945
309.0	320.0	0.00952129278373215
310.0	320.0	0.00916420846523347
284.0	328.0	0.016772673791618398
296.0	328.0	0.014672275629564774
306.0	328.0	0.008783849649067171
307.0	328.0	0.013487480363514721
318.0	328.0	0.007870961193033488
285.0	329.0	0.011875996008484024
296.0	329.0	0.007850161438585246
297.0	329.0	0.023065591494186004
306.0	329.0	0.0019617354580876434
307.0	329.0	0.006193901531231451
308.0	329.0	0.009713624595459776
318.0	329.0	0.0010488470020539598
319.0	329.0	0.007277506568539515
328.0	329.0	0.006822114190979528
286.0	330.0	0.009743575775505948
297.0	330.0	0.01912488988257324
307.0	330.0	0.003846465968090187
308.0	330.0	0.006918408506080481
319.0	330.0	0.004112243133623951
329.0	330.0	0.0022861457696953516
287.0	331.0	0.0380951368175374
298.0	331.0	0.028151690611380953
309.0	331.0	0.018634365406013653
310.0	331.0	0.018277281087514974
320.0	331.0	0.009113072622281504
288.0	332.0	0.042535102164908245
298.0	332.0	0.03268732823677595
309.0	332.0	0.023170003031408648
310.0	332.0	0.02281291871290997
320.0	332.0	0.013648710247676499
331.0	332.0	0.004535637625394995
335.0	336.0	0.00680767540150945
336.0	337.0	0.007987182270661097
337.0	338.0	0.010892285374885093
306.0	339.0	0.019019031296424516
318.0	339.0	0.018106142840390832
328.0	339.0	0.010235181647357344
338.0	339.0	0.01577089686093086
296.0	340.0	0.01413168927440231
306.0	340.0	0.008243263293904707
307.0	340.0	0.012909535010115705
318.0	340.0	0.007330374837871023
319.0	340.0	0.016349008743038622
328.0	340.0	0.0005405863551624646
329.0	340.0	0.006281527835817063
339.0	340.0	0.010775768002519809
297.0	341.0	0.03439480030969482
307.0	341.0	0.008564854174112797
308.0	341.0	0.013442400432609193
318.0	341.0	0.002450615824666629
319.0	341.0	0.010937435500011992
329.0	341.0	0.0012402498756995065
330.0	341.0	0.003906025634276413
340.0	341.0	0.006008612336876059
298.0	342.0	0.03853212164744291
309.0	342.0	0.029014796442075608
310.0	342.0	0.02865771212357693
320.0	342.0	0.01949350365834346
331.0	342.0	0.010380431036061954
332.0	342.0	0.00584479341066696
335.0	346.0	0.00333696198984753
336.0	346.0	0.0034726273392930796
336.0	347.0	0.00363039471494502
337.0	347.0	0.0043618366492995655
346.0	347.0	0.007110123787639795
337.0	348.0	0.00484373226102981
338.0	348.0	0.006033680972558353
347.0	348.0	0.009191371905218652
328.0	349.0	0.01931866129707518
338.0	349.0	0.006687680971257248
339.0	349.0	0.009083375841988305
348.0	349.0	0.012721423138891961
306.0	350.0	0.0158769229989076
318.0	350.0	0.014940128551882844
328.0	350.0	0.006863048937559128
329.0	350.0	0.013863815185437493
339.0	350.0	0.003640163440865632
340.0	350.0	0.007417791734783046
349.0	350.0	0.012961447808889134
307.0	351.0	0.013166536585210937
318.0	351.0	0.007570763559632793
319.0	351.0	0.0166961674071701
328.0	351.0	0.00030019763340069505
329.0	351.0	0.006521916557578833
330.0	351.0	0.008905695174168095
340.0	351.0	0.0002403887217617695
341.0	351.0	0.006286020121582878
350.0	351.0	0.007171107905904071
308.0	352.0	0.01477848147670865
319.0	352.0	0.012904574855368833
329.0	352.0	0.0038964424411565
330.0	352.0	0.006240917808437135
341.0	352.0	0.0032562317309128654
351.0	352.0	0.0026254741164223327
309.0	353.0	0.03586277869080995
320.0	353.0	0.0263414859070778
331.0	353.0	0.017228413284796296
332.0	353.0	0.0126927756594013
342.0	353.0	0.006847982248734341
310.0	354.0	0.04024223944613485
320.0	354.0	0.030827737688769712
331.0	354.0	0.021465768398901578
332.0	354.0	0.016806253225600164
342.0	354.0	0.010801826542716058
353.0	354.0	0.0037668118810900418
332.0	355.0	0.021599136790529383
354.0	355.0	0.0053828002036671015
335.0	356.0	0.01132696291474472
355.0	356.0	0.006169953189160804
335.0	357.0	0.0012094481914919908
336.0	357.0	0.00801712359300144
346.0	357.0	0.004546750208760869
356.0	357.0	0.01011751472325273
335.0	358.0	0.008985378928249462
336.0	358.0	0.000355866699795172
337.0	358.0	0.011326856551534464
346.0	358.0	0.004409508087207689
347.0	358.0	0.005341464757502116
357.0	358.0	0.010644939933260955
336.0	359.0	0.008227691420731924
337.0	359.0	0.00029388642985797564
338.0	359.0	0.011913111446989057
347.0	359.0	0.004360133662760335
348.0	359.0	0.005460455143947692
358.0	359.0	0.011979913017288383
337.0	360.0	0.010157610320736163
338.0	360.0	0.0007328686401178452
339.0	360.0	0.016503765501048706
348.0	360.0	0.005300812332440508
349.0	360.0	0.0074205570443090845
359.0	360.0	0.011129352830737155
328.0	361.0	0.015353179746340036
338.0	361.0	0.011188166546434453
339.0	361.0	0.004907333388328619
340.0	361.0	0.015904892671798714
349.0	361.0	0.00436295136375328
350.0	361.0	0.008755648736686692
360.0	361.0	0.011936119389777722
318.0	362.0	0.013651346351269283
328.0	362.0	0.005554817494073926
329.0	362.0	0.012572441270854336
339.0	362.0	0.004973686145330624
340.0	362.0	0.006110896086895966
341.0	362.0	0.013291420773372075
350.0	362.0	0.001360470042009865
351.0	362.0	0.0058636182544996975
361.0	362.0	0.010130000610055617
319.0	363.0	0.019065058785298305
329.0	363.0	0.007940128898676098
330.0	363.0	0.010394882816287173
340.0	363.0	0.001530630571688931
341.0	363.0	0.00792221980935775
351.0	363.0	0.001285344528192758
352.0	363.0	0.0039643061433597745
362.0	363.0	0.0046636174809022496
320.0	364.0	0.03505269535933342
331.0	364.0	0.025939622737051915
332.0	364.0	0.02140398511165692
342.0	364.0	0.01555919170098996
353.0	364.0	0.00871120945225562
354.0	364.0	0.005182318532973161
332.0	365.0	0.024659135429094592
342.0	365.0	0.018814342018427632
354.0	365.0	0.008526373668805768
355.0	365.0	0.003059998638565209
364.0	365.0	0.0032551503174376717
355.0	366.0	8.293801378794763e-5
356.0	366.0	0.0062528912029487516
365.0	366.0	0.0029770606247772613
335.0	367.0	0.0067961543415564485
346.0	367.0	0.010135027019974272
356.0	367.0	0.004530808573188272
357.0	367.0	0.005586706150064458
366.0	367.0	0.010783699776137023
335.0	368.0	0.0028112705778289403
336.0	368.0	0.0044632006267446905
346.0	368.0	0.0007537278720763531
347.0	368.0	0.008351341462473403
357.0	368.0	0.004103649477163853
358.0	368.0	0.005894392619529794
367.0	368.0	0.010073430734367629
336.0	369.0	0.004171360146784536
337.0	369.0	0.0056861687076128695
346.0	369.0	0.008461937380508048
347.0	369.0	0.0003051597928669601
348.0	369.0	0.01163641172362794
358.0	369.0	0.006754113670094203
359.0	369.0	0.005795122401642242
368.0	369.0	0.010132942173501757
337.0	370.0	0.004438288709228278
338.0	370.0	0.006438127622509671
347.0	370.0	0.008786217417905235
348.0	370.0	0.00040444664995131774
349.0	370.0	0.013125873890840674
359.0	370.0	0.005027923951642082
360.0	370.0	0.005705258982391825
369.0	370.0	0.011136902576608178
338.0	371.0	0.0041903645375967104
339.0	371.0	0.011641909895260134
348.0	371.0	0.010247527541084394
349.0	371.0	0.0025233013180782854
350.0	371.0	0.01560269938272804
360.0	371.0	0.004926085374267979
361.0	371.0	0.00695565376247201
370.0	371.0	0.01065354822665122
328.0	372.0	0.011925249683935837
339.0	372.0	0.0013655541544806053
340.0	372.0	0.012482975722864267
349.0	372.0	0.00800580545301584
350.0	372.0	0.00516117690702811
351.0	372.0	0.012234965301752236
361.0	372.0	0.0036716594663312174
362.0	372.0	0.006542013242700339
371.0	372.0	0.010641469552131742
329.0	373.0	0.012134873610123442
340.0	373.0	0.005741816861521277
341.0	373.0	0.01277626629047096
350.0	373.0	0.001658087061250338
351.0	373.0	0.005497160023230434
352.0	373.0	0.008169249593950427
362.0	373.0	0.0003131877224135814
363.0	373.0	0.004302541368193486
372.0	373.0	0.006784565664699721
330.0	374.0	0.01201191606300937
341.0	374.0	0.00981771928298222
351.0	374.0	0.0030604067148048975
352.0	374.0	0.00568588083122723
363.0	374.0	0.0018374103542411577
373.0	374.0	0.0023824155991128125
331.0	375.0	0.03272167346252214
342.0	375.0	0.022341242426460184
353.0	375.0	0.015493260177725843
354.0	375.0	0.012149600946474246
364.0	375.0	0.006782050725470223
332.0	376.0	0.036383620392125136
342.0	376.0	0.028936846132333015
353.0	376.0	0.020211922194333796
354.0	376.0	0.016085116914248795
355.0	376.0	0.008864444848315962
364.0	376.0	0.009113085030590058
365.0	376.0	0.00496574090865592
375.0	376.0	0.00047216357751290295
354.0	377.0	0.01023180043778648
355.0	377.0	0.004720085049500555
356.0	377.0	0.01089003823866136
365.0	377.0	0.0016600864109353464
366.0	377.0	0.004637147035712608
376.0	377.0	0.002850646689684486
355.0	378.0	0.004032390225957805
356.0	378.0	0.002137562963202999
357.0	378.0	0.012255077686455729
366.0	378.0	0.0041153282397457525
367.0	378.0	0.006668371536391271
377.0	378.0	0.00875247527545836
335.0	379.0	0.002608721449642415
346.0	379.0	0.005946416862247347
356.0	379.0	0.008718241465102305
357.0	379.0	0.0013992732581504241
358.0	379.0	0.012564972019726069
367.0	379.0	0.0041874328919140336
368.0	379.0	0.005598869566753939
378.0	379.0	0.010855804428305305
336.0	380.0	0.0009001348927790923
346.0	380.0	0.0031696867948077093
347.0	380.0	0.005158087909484976
357.0	380.0	0.008495939121734122
358.0	380.0	0.0008740035730430148
359.0	380.0	0.010733698663793673
368.0	380.0	0.0043199670719493355
369.0	380.0	0.00625335039559609
379.0	380.0	0.01013588828150356
337.0	381.0	0.0006759860569135874
347.0	381.0	0.003934657456225927
348.0	381.0	0.005793175075591587
358.0	381.0	0.011283861578954153
359.0	381.0	0.0004122122298082693
360.0	381.0	0.011408984143265282
369.0	381.0	0.005246351471349409
370.0	381.0	0.005364694491533417
380.0	381.0	0.010160146880172834
338.0	382.0	0.0018270348591593044
348.0	382.0	0.0042066461133990485
349.0	382.0	0.008514734360653439
359.0	382.0	0.009959208339839558
360.0	382.0	0.0010941662190414592
361.0	382.0	0.013052806187142415
370.0	382.0	0.004611092763350366
371.0	382.0	0.006024509896841596
381.0	382.0	0.010249797930082318
339.0	383.0	0.00747713773085118
349.0	383.0	0.0016061622761673157
350.0	383.0	0.011313106459921857
360.0	383.0	0.009026627770197526
361.0	383.0	0.0027237018609898678
362.0	383.0	0.012665105264591834
371.0	383.0	0.004135672452266857
372.0	383.0	0.006348651669113765
382.0	383.0	0.010120793989238985
340.0	384.0	0.01050826460302925
350.0	384.0	0.003265476603169014
351.0	384.0	0.010264591536759392
361.0	384.0	0.005399163770796278
362.0	384.0	0.004616833311554992
363.0	384.0	0.009173354639514538
372.0	384.0	0.0018128746525359792
373.0	384.0	0.0048757570160696305
383.0	384.0	0.007994024005972008
341.0	385.0	0.015577891405516416
351.0	385.0	0.0069279906891905356
352.0	385.0	0.009945547256128586
362.0	385.0	0.00038892106168265635
363.0	385.0	0.0056089006743108415
373.0	385.0	0.0007348524077169275
374.0	385.0	0.0034105496593985307
384.0	385.0	0.004784599668732015
342.0	386.0	0.028621927248506984
353.0	386.0	0.021773944999772643
354.0	386.0	0.018601824127443725
364.0	386.0	0.013062735547517024
365.0	386.0	0.009807585230079352
375.0	386.0	0.0062806848220468
376.0	386.0	0.0075299741851882875
354.0	387.0	0.015628363723216077
355.0	387.0	0.009964324196528969
364.0	387.0	0.010159781326121371
365.0	387.0	0.006899536058879948
366.0	387.0	0.009881256368454163
376.0	387.0	0.0038187329346748558
377.0	387.0	0.005236851286545346
386.0	387.0	0.0029233999690337093
355.0	388.0	0.0017354018474940447
356.0	388.0	0.007905355036654849
365.0	388.0	0.0013245967910711642
366.0	388.0	0.001652463833706097
367.0	388.0	0.01243616360984312
377.0	388.0	0.0029846832020065106
378.0	388.0	0.0057677920734518495
387.0	388.0	0.008226206104179823
356.0	389.0	0.0024535759696311943
357.0	389.0	0.007663938753621535
366.0	389.0	0.008706467172579946
367.0	389.0	0.0020772326035570776
368.0	389.0	0.012293097194438125
378.0	389.0	0.004591138932834193
379.0	389.0	0.006264665495471111
388.0	389.0	0.010358931006286043
346.0	390.0	0.0019049994365497066
357.0	390.0	0.0027603392766556113
358.0	390.0	0.0072071357120630595
367.0	390.0	0.008493694376501484
368.0	390.0	0.0012640307815763338
369.0	390.0	0.011101618645803809
379.0	390.0	0.004196342935198154
380.0	390.0	0.005508706489381974
389.0	390.0	0.010625453560046995
347.0	391.0	0.0007376446664979494
358.0	391.0	0.005122622881542819
359.0	391.0	0.005666772573026102
368.0	391.0	0.008540648173327304
369.0	391.0	0.0005862234215490993
370.0	391.0	0.010481943047272764
380.0	391.0	0.004951481068384717
381.0	391.0	0.0051780561290525745
390.0	391.0	0.009479582654498612
348.0	392.0	0.0011804973390074358
359.0	392.0	0.004197984749852585
360.0	392.0	0.0064813096714479435
369.0	392.0	0.010178446330818582
370.0	392.0	0.0007760506890561181
371.0	392.0	0.011432619169241792
381.0	392.0	0.004542527581396974
382.0	392.0	0.005387143452406484
391.0	392.0	0.009619635981912575
349.0	393.0	0.004344833316858492
360.0	393.0	0.00307569253302048
361.0	393.0	0.008797121690336777
370.0	393.0	0.008780951515412305
371.0	393.0	0.0018384227839113598
372.0	393.0	0.012488265638380344
382.0	393.0	0.004169858752061939
383.0	393.0	0.005950935237177046
392.0	393.0	0.009557002204468423
350.0	394.0	0.008451653078446166
361.0	394.0	0.00012212295017996662
362.0	394.0	0.009796761632624676
371.0	394.0	0.006934956698229426
372.0	394.0	0.003471810242753391
373.0	394.0	0.009997229394893477
383.0	394.0	0.0027884321557669067
384.0	394.0	0.0051674945061622995
393.0	394.0	0.008739367392943953
351.0	395.0	0.009407579655793114
362.0	395.0	0.0037975037509072494
363.0	395.0	0.008310776209050305
372.0	395.0	0.0025634870516006354
373.0	395.0	0.004062310108860802
374.0	395.0	0.006338631114387983
384.0	395.0	0.0007571576334376815
385.0	395.0	0.003866771110810315
394.0	395.0	0.005858996772282639
352.0	396.0	0.0106861903714958
363.0	396.0	0.006583079174647591
373.0	396.0	0.0019495128633679683
374.0	396.0	0.004471074760451377
385.0	396.0	0.0014306621327389252
395.0	396.0	0.0024457045870790632
353.0	397.0	0.02901628708564219
364.0	397.0	0.02030507763338657
375.0	397.0	0.013523026907916347
376.0	397.0	0.016757346794669146
386.0	397.0	0.007242342085869546
354.0	398.0	0.03212243862859917
364.0	398.0	0.02413158815327094
365.0	398.0	0.019721786760033354
375.0	398.0	0.014943841406838472
376.0	398.0	0.02038166570969188
377.0	398.0	0.017472842578063898
386.0	398.0	0.006435302636638201
387.0	398.0	0.010411529795351501
397.0	398.0	0.0033760077810357034
355.0	399.0	0.008757087815122577
365.0	399.0	0.005697089176557368
366.0	399.0	0.00867414980133463
376.0	399.0	0.0022928453329553997
377.0	399.0	0.004037002765622022
378.0	399.0	0.012789478041080382
387.0	399.0	0.0011935298184233925
388.0	399.0	0.007021685967628533
398.0	399.0	0.012003853841974643
356.0	400.0	0.0037913030152905702
366.0	400.0	0.0024615881876581813
367.0	400.0	0.008322111588478842
377.0	400.0	0.007098735223370789
378.0	400.0	0.0016537400520875711
379.0	400.0	0.012509544480392876
388.0	400.0	0.004114052021364278
389.0	400.0	0.0062448789849217645
399.0	400.0	0.011135737988992811
357.0	401.0	0.0027556792305247213
367.0	401.0	0.0028310269195397364
368.0	401.0	0.007048283001707184
378.0	401.0	0.009499398455931007
379.0	401.0	0.0013564059723742972
380.0	401.0	0.011725596954734234
389.0	401.0	0.004908259523096814
390.0	401.0	0.005588354057724054
400.0	401.0	0.011153138508018579
358.0	402.0	0.0015843682836317542
368.0	402.0	0.0029522475826804766
369.0	402.0	0.005917707304490342
379.0	402.0	0.008002400207046012
380.0	402.0	0.0007570700848128634
381.0	402.0	0.00926480578155815
390.0	402.0	0.004016117288353351
391.0	402.0	0.004861804423763376
401.0	402.0	0.00935880617942031
359.0	403.0	0.0008063789238159715
369.0	403.0	0.004399151162102404
370.0	403.0	0.005455477650530005
380.0	403.0	0.009033164994453908
381.0	403.0	0.0004149707629488649
382.0	403.0	0.010066570413880371
391.0	403.0	0.004420100709772511
392.0	403.0	0.004679426961473887
402.0	403.0	0.008353438309849914
360.0	404.0	0.0023442217526790654
370.0	404.0	0.00336103722971276
371.0	404.0	0.007279430427955496
381.0	404.0	0.008925458798524025
382.0	404.0	0.0012500555336376062
383.0	404.0	0.011370849522876592
392.0	404.0	0.004137087918768878
393.0	404.0	0.005419914285699545
403.0	404.0	0.008816514880242765
361.0	405.0	0.005227480539610934
371.0	405.0	0.0016728405228622406
372.0	405.0	0.008879719005663547
382.0	405.0	0.007667509812719131
383.0	405.0	0.0024532841765198543
384.0	405.0	0.010480826520427516
393.0	405.0	0.003497651060657192
394.0	405.0	0.005241716332286761
404.0	405.0	0.008917565346356737
362.0	406.0	0.007750050372823281
372.0	406.0	0.0014190353679533465
373.0	406.0	0.007972212025302388
383.0	406.0	0.004778122451865208
384.0	406.0	0.0031506197883120436
385.0	406.0	0.008282798845319862
394.0	406.0	0.001989690296098301
395.0	406.0	0.003863753100087226
405.0	406.0	0.007231406628385062
363.0	407.0	0.011622891652000695
373.0	407.0	0.005785224800170336
374.0	407.0	0.008845564950348647
384.0	407.0	0.0008234129124627208
385.0	407.0	0.005825458746459597
395.0	407.0	0.00021020668256748284
396.0	407.0	0.0036858754929870417
406.0	407.0	0.005054817747469393
364.0	408.0	0.025039554160466968
375.0	408.0	0.01817145474807807
376.0	408.0	0.022752981035261327
386.0	408.0	0.011811082423863594
387.0	408.0	0.014790354024014988
397.0	408.0	0.004476851608178962
398.0	408.0	0.009526574768222695
365.0	409.0	0.013864832943037586
376.0	409.0	0.012699260028434219
377.0	409.0	0.01220474653210224
386.0	409.0	0.004057247712958234
387.0	409.0	0.0069869980718120905
388.0	409.0	0.01518942973410875
398.0	409.0	0.0009388877640381369
399.0	409.0	0.008167743766480218
408.0	409.0	0.007702357532049601
366.0	410.0	0.004580834928872901
377.0	410.0	5.6312106839706555e-5
378.0	410.0	0.008696163168618654
387.0	410.0	0.005293251532896201
388.0	410.0	0.002928371095166804
389.0	410.0	0.013287302101452847
399.0	410.0	0.0040933148724617285
400.0	410.0	0.0070424231165310824
409.0	410.0	0.012261058638941946
367.0	411.0	0.0032850847463221644
378.0	411.0	0.0033832867900691066
379.0	411.0	0.007472517638236198
388.0	411.0	0.009151078863520956
389.0	411.0	0.0012078521427650868
390.0	411.0	0.011865011370421912
400.0	411.0	0.005037026842156678
401.0	411.0	0.006116111665861901
410.0	411.0	0.01207944995868776
368.0	412.0	0.002215836248447775
379.0	412.0	0.0031659473322321885
380.0	412.0	0.006425395969064668
389.0	412.0	0.0094306128277033
390.0	412.0	0.0009472906679892497
391.0	412.0	0.010235818704075382
401.0	412.0	0.004522353304606486
402.0	412.0	0.004836452874813824
411.0	412.0	0.010638464970468386
369.0	413.0	0.0010044610282999259
380.0	413.0	0.00390537984623891
381.0	413.0	0.005050207016742312
390.0	413.0	0.008098740898284695
391.0	413.0	0.00044143886568480124
392.0	413.0	0.009054667857628818
402.0	413.0	0.003978197413694984
403.0	413.0	0.0043752408961549305
412.0	413.0	0.008814650288508807
370.0	414.0	0.0016128383470442032
381.0	414.0	0.004123248143356961
382.0	414.0	0.006607989434216718
391.0	414.0	0.009652238876204488
392.0	414.0	0.0007721503275034654
393.0	414.0	0.011125156090301047
403.0	414.0	0.004297026519194163
404.0	414.0	0.005253816664693224
413.0	414.0	0.009036681616306191
371.0	415.0	0.003515995626478414
382.0	415.0	0.002498789419034364
383.0	415.0	0.007622004570204621
392.0	415.0	0.007885932871440848
393.0	415.0	0.001671069333027575
394.0	415.0	0.010410436725971528
404.0	415.0	0.0037488449526719703
405.0	415.0	0.005168720393684767
414.0	415.0	0.009314903244824061
372.0	416.0	0.005946445986254278
383.0	416.0	0.00038984535228153705
384.0	416.0	0.0075988523370796686
393.0	416.0	0.006340780589458583
394.0	416.0	0.0023985868034853697
395.0	416.0	0.008264278212942167
405.0	416.0	0.0028431295288013914
406.0	416.0	0.004388277099583671
415.0	416.0	0.008011849922486158
373.0	417.0	0.006871384281858056
384.0	417.0	0.0020542185041544907
385.0	417.0	0.007039648158045939
394.0	417.0	0.003071313748666149
395.0	417.0	0.0027791107546598485
396.0	417.0	0.005467595703054284
406.0	417.0	0.001081623452567848
407.0	417.0	0.003577031440391463
416.0	417.0	0.005469900552151519
374.0	418.0	0.006965097162565659
385.0	418.0	0.004594699583317944
395.0	418.0	0.0006459061611301799
396.0	418.0	0.0031423250613946325
407.0	418.0	0.000670616665231867
417.0	418.0	0.0021272672298056072
375.0	419.0	0.03609665627626041
386.0	419.0	0.029815971454213608
397.0	419.0	0.02257362936834406
398.0	419.0	0.03395684507929931
408.0	419.0	0.018383185403629047
376.0	420.0	0.04165078066692537
386.0	420.0	0.01976418344446234
387.0	420.0	0.024115718619486727
397.0	420.0	0.009104582046268642
398.0	420.0	0.0207812372722961
399.0	420.0	0.02581419447126567
408.0	420.0	0.0026467137835401206
409.0	420.0	0.013792545695087075
419.0	420.0	0.024120290284270558
377.0	421.0	0.009229273128254445
387.0	421.0	0.004006867467479947
388.0	421.0	0.012213956330260956
398.0	421.0	0.004969806610255331
399.0	421.0	0.005192270362632423
400.0	421.0	0.016328008351625234
409.0	421.0	0.002975473403847795
410.0	421.0	0.009285585235094151
420.0	421.0	0.018171979872578844
378.0	422.0	0.0035832737167891815
388.0	422.0	0.002184518356662668
389.0	422.0	0.008174412649623375
399.0	422.0	0.0092062043242912
400.0	422.0	0.0019295336647016104
401.0	422.0	0.013082672172720189
410.0	422.0	0.005112889451829472
411.0	422.0	0.006966560506858288
421.0	422.0	0.014398474686923624
379.0	423.0	0.002254219540705149
389.0	423.0	0.004010445954765962
390.0	423.0	0.006509734896886522
400.0	423.0	0.010255324939687727
401.0	423.0	0.0008978135683308519
402.0	423.0	0.010256619747751161
411.0	423.0	0.005218298097531049
412.0	423.0	0.0054201668729373376
422.0	423.0	0.012184858604389337
380.0	424.0	0.001431197455959839
390.0	424.0	0.004081939892920286
391.0	424.0	0.006102900044585928
401.0	424.0	0.010123563950133526
402.0	424.0	0.0004629054008616787
403.0	424.0	0.009912125413251434
412.0	424.0	0.005007980430638746
413.0	424.0	0.004962952114608129
423.0	424.0	0.011139150301835375
381.0	425.0	0.0009630273734686761
391.0	425.0	0.004236302831273569
392.0	425.0	0.005504092468195551
402.0	425.0	0.008474904211789862
403.0	425.0	0.0004849587169545734
404.0	425.0	0.009941515634728726
413.0	425.0	0.004207906335219311
414.0	425.0	0.005165557211182286
424.0	425.0	0.010180073952791689
382.0	426.0	0.0026316995150810043
392.0	426.0	0.0032576061599692025
393.0	426.0	0.0071902513764958076
403.0	426.0	0.008373225597925778
404.0	426.0	0.0012651201370822212
405.0	426.0	0.01101393575075767
414.0	426.0	0.004407276299274184
415.0	426.0	0.005363413425483865
425.0	426.0	0.009576052077898784
383.0	427.0	0.004191796956706628
393.0	427.0	0.001759138280470418
394.0	427.0	0.006980229112473535
404.0	427.0	0.007179052566169963
405.0	427.0	0.001738512780186774
406.0	427.0	0.008969919408571836
415.0	427.0	0.003430207613497993
416.0	427.0	0.004581642308988165
426.0	427.0	0.009113367616094837
384.0	428.0	0.005411373839289437
394.0	428.0	0.00024059220845368268
395.0	428.0	0.006100260491786156
405.0	428.0	0.005001124123833078
406.0	428.0	0.0022302825045519836
407.0	428.0	0.00810197888133511
416.0	428.0	0.002157994595031687
417.0	428.0	0.0033119059571198317
427.0	428.0	0.006739636904019852
385.0	429.0	0.006770014908520605
395.0	429.0	0.0025438571822939083
396.0	429.0	0.005211160747482139
406.0	429.0	0.001316222241969811
407.0	429.0	0.003256506882781121
417.0	429.0	0.000234598789401963
418.0	429.0	0.0018926684404036442
428.0	429.0	0.0035465047465217947
386.0	430.0	0.02947594637158394
397.0	430.0	0.021997588173720224
398.0	430.0	0.03367576994775322
408.0	430.0	0.017661244701953883
409.0	430.0	0.025286479575453987
419.0	430.0	0.0013116789446700426
420.0	430.0	0.02333455079007037
387.0	431.0	0.013066965402741987
398.0	431.0	0.00728486419602821
399.0	431.0	0.014238209625643317
408.0	431.0	0.0015548713677737852
409.0	431.0	0.006070465859163099
410.0	431.0	0.018331524498105045
420.0	431.0	0.004857763881027976
421.0	431.0	0.009045939263010894
430.0	431.0	0.019018187138495228
388.0	432.0	0.005416827424561954
399.0	432.0	0.0016048585430665785
400.0	432.0	0.009530879445926232
409.0	432.0	0.009772602309546796
410.0	432.0	0.00248845632939515
411.0	432.0	0.01456790628808291
421.0	432.0	0.006797128905699001
422.0	432.0	0.007601345781224622
431.0	432.0	0.015843068168709895
389.0	433.0	0.0022491469526055297
400.0	433.0	0.003995732032316235
401.0	433.0	0.007157406475702344
410.0	433.0	0.011038155148847317
411.0	433.0	0.0010412948098404429
412.0	433.0	0.01167975978030883
422.0	433.0	0.005925265697017845
423.0	433.0	0.006259592907371492
432.0	433.0	0.013526611478242467
390.0	434.0	0.001676650658008651
401.0	434.0	0.004600536739502637
402.0	434.0	0.0061035033965323535
411.0	434.0	0.011595777744901115
412.0	434.0	0.0005718592214570636
413.0	434.0	0.010653526547871866
423.0	434.0	0.00562740194921526
424.0	434.0	0.0064972088540511674
433.0	434.0	0.012786748176844328
391.0	435.0	0.0008426214206980791
402.0	435.0	0.0036390374051733345
403.0	435.0	0.004755406724584776
412.0	435.0	0.008499231727307746
413.0	435.0	0.00035868840397443856
414.0	435.0	0.009473478288365325
424.0	435.0	0.004584526455097302
425.0	435.0	0.004614934606492345
434.0	435.0	0.010302846597546624
392.0	436.0	0.0015463172170248553
403.0	436.0	0.003923875170947994
404.0	436.0	0.0063825219549006945
413.0	436.0	0.00903847780129995
414.0	436.0	0.0007835037206795509
415.0	436.0	0.010764875455154399
425.0	436.0	0.00483495709228492
426.0	436.0	0.0055865589345205895
435.0	436.0	0.009510037618483725
393.0	437.0	0.002766619899708815
404.0	437.0	0.002659495950082043
405.0	437.0	0.00626827303605915
414.0	437.0	0.008141609691620871
415.0	437.0	0.0010936384988839427
416.0	437.0	0.009114655725162225
426.0	437.0	0.004174413636142179
427.0	437.0	0.0045277710180613015
436.0	437.0	0.009500579927832369
394.0	438.0	0.0039485092921356935
405.0	438.0	0.0012932070401510676
406.0	438.0	0.005938199588233994
415.0	438.0	0.006461927433835835
416.0	438.0	0.0015499224886503238
417.0	438.0	0.0070198230408018425
427.0	438.0	0.0030317198203378415
428.0	438.0	0.003707917083682011
437.0	438.0	0.0075629597871281545
395.0	439.0	0.004642262494101108
406.0	439.0	0.0007763425632050236
407.0	439.0	0.00611550888428089
416.0	439.0	0.003611934536378647
417.0	439.0	0.0018579660157728717
418.0	439.0	0.003985233245578479
428.0	439.0	0.00145393994134696
429.0	439.0	0.0020925648051748347
438.0	439.0	0.005161857025028971
396.0	440.0	0.0051678577107049616
407.0	440.0	0.003202381318365687
417.0	440.0	0.0002742144493758092
418.0	440.0	0.001853052780429798
429.0	440.0	3.9615659973846196e-5
439.0	440.0	0.002132180465148681
397.0	441.0	0.032067437092007656
408.0	441.0	0.02799744779823924
419.0	441.0	0.009493807723663594
420.0	441.0	0.03809369900833472
430.0	441.0	0.011114874371978719
398.0	442.0	0.054932244840120784
408.0	442.0	0.02301713486221701
409.0	442.0	0.03413390068777199
419.0	442.0	0.004998925141406464
420.0	442.0	0.03878871236474987
421.0	442.0	0.03865425983451183
430.0	442.0	0.003223665243844224
431.0	442.0	0.024911608249884833
441.0	442.0	0.01942198149457539
399.0	443.0	0.008699652742693353
409.0	443.0	0.0005319089762131357
410.0	443.0	0.012792967615155082
420.0	443.0	0.013009658391597798
421.0	443.0	0.0035073823800609305
422.0	443.0	0.017905857066984554
431.0	443.0	0.005538556882949963
432.0	443.0	0.010304511285759932
442.0	443.0	0.0333258210044689
400.0	444.0	0.0033218424431805116
410.0	444.0	0.003720580673350571
411.0	444.0	0.00835886928533719
421.0	444.0	0.013006165908444722
422.0	444.0	0.0013923087784789012
423.0	444.0	0.013577167382868238
432.0	444.0	0.006209037002745721
433.0	444.0	0.0073175744754967464
443.0	444.0	0.016513548288505653
401.0	445.0	0.0014337521015258536
411.0	445.0	0.004682359564336047
412.0	445.0	0.005956105406132339
422.0	445.0	0.011648920071194335
423.0	445.0	0.0005359385331950017
424.0	445.0	0.011745391818853056
433.0	445.0	0.00572365437417649
434.0	445.0	0.0062403762388615015
444.0	445.0	0.013041228849673236
402.0	446.0	0.0008422805413054765
412.0	446.0	0.005137311871494559
413.0	446.0	0.005760761024270372
423.0	446.0	0.011838584384311884
424.0	446.0	0.000392624665284561
425.0	446.0	0.01158015142578622
434.0	446.0	0.006814281955142088
435.0	446.0	0.005351781520370782
445.0	446.0	0.012501196854601562
403.0	447.0	0.0010998799538359063
413.0	447.0	0.00498632327280503
414.0	447.0	0.007410251427204261
424.0	447.0	0.013222437659021216
425.0	447.0	0.0005198810041765132
426.0	447.0	0.013336159941769456
435.0	447.0	0.005520352979099899
436.0	447.0	0.007221282632572147
446.0	447.0	0.015622395497074927
404.0	448.0	0.002086357119475201
414.0	448.0	0.003911099539482934
415.0	448.0	0.006451600297473603
425.0	448.0	0.009451129578562764
426.0	448.0	0.0008202732407437816
427.0	448.0	0.010445814668294105
436.0	448.0	0.005135731954712067
437.0	448.0	0.005186499730886861
447.0	448.0	0.013529192339630196
405.0	449.0	0.0027068851923955917
415.0	449.0	0.0024618352012891753
416.0	449.0	0.005550014721196983
426.0	449.0	0.008054728433164625
427.0	449.0	0.0009683724122088178
428.0	449.0	0.00770800931622867
437.0	449.0	0.0035582905765992505
438.0	449.0	0.004000092232546659
448.0	449.0	0.009318219070310387
406.0	450.0	0.003588892401310051
416.0	450.0	0.0007993846982736197
417.0	450.0	0.004670515853877899
427.0	450.0	0.005381027007261785
428.0	450.0	0.0013586098967580673
429.0	450.0	0.004905114643279862
438.0	450.0	0.0023493071869239435
439.0	450.0	0.0028125498381050273
449.0	450.0	0.006349399419470603
407.0	451.0	0.005172967592214919
417.0	451.0	0.0011680998547255461
418.0	451.0	0.0032953670845311533
428.0	451.0	0.0021438061023942856
429.0	451.0	0.0014026986441275091
439.0	451.0	0.0006898661610473256
440.0	451.0	0.0014423143041013553
450.0	451.0	0.003502415999152353
408.0	452.0	0.026120355118330912
419.0	452.0	0.007623649219073047
420.0	452.0	0.03537774079107111
430.0	452.0	0.009185216119877855
431.0	452.0	0.027329574687507765
441.0	452.0	0.001878677931178766
442.0	452.0	0.016593041032714993
409.0	453.0	0.00972284705149229
420.0	453.0	0.0005179733049370732
421.0	453.0	0.012698320455340084
430.0	453.0	0.015246780802322578
431.0	453.0	0.0036523811923291905
432.0	453.0	0.019495449361039086
442.0	453.0	0.019362886251975027
443.0	453.0	0.009190938075279154
452.0	453.0	0.023673915970043674
410.0	454.0	0.0038836988144688722
421.0	454.0	0.005401886420625279
422.0	454.0	0.008996588266298344
431.0	454.0	0.014447825683636173
432.0	454.0	0.0013952424850737222
433.0	454.0	0.01492185396331619
443.0	454.0	0.00890926880068621
444.0	454.0	0.007604279487819443
453.0	454.0	0.018100206875965363
411.0	455.0	0.0014960045962902346
422.0	455.0	0.0054705559105680535
423.0	455.0	0.0067143026938212835
432.0	455.0	0.013071901691792676
433.0	455.0	0.00045470978644979176
434.0	455.0	0.013306817907010271
444.0	455.0	0.006862864689046955
445.0	455.0	0.006178364160626282
454.0	455.0	0.014467144176866398
412.0	456.0	0.0007346990664947047
423.0	456.0	0.0055894713891711965
424.0	456.0	0.006823602083365842
433.0	456.0	0.012893071713166658
434.0	456.0	0.00017731875617701422
435.0	456.0	0.010663814061205137
445.0	456.0	0.006214796534529305
446.0	456.0	0.007185762634208552
455.0	456.0	0.013423620359505572
413.0	457.0	0.000662508152689171
424.0	457.0	0.005458007696534746
425.0	457.0	0.0059350419175814954
434.0	457.0	0.012628161149997107
435.0	457.0	0.00022871550034672623
436.0	457.0	0.012247153056288018
446.0	457.0	0.00654296278494178
447.0	457.0	0.007656752251205314
456.0	457.0	0.013141608454283644
414.0	458.0	0.0012048538364678502
425.0	458.0	0.004392563992119567
426.0	458.0	0.005989790275940786
435.0	458.0	0.009080167023676373
436.0	458.0	0.00046526265618732304
437.0	458.0	0.009847602401665882
447.0	458.0	0.006600430914923537
448.0	458.0	0.005572678635749268
457.0	458.0	0.011691910345076894
415.0	459.0	0.0016320486555094216
426.0	459.0	0.003579233461878832
427.0	459.0	0.005062256269007415
436.0	459.0	0.008857030711413166
437.0	459.0	0.0005402775762568164
438.0	459.0	0.008093976089345256
448.0	459.0	0.004551204482344955
449.0	459.0	0.004093883856798597
458.0	459.0	0.009206328985678299
416.0	460.0	0.002253814184154823
427.0	460.0	0.002327828124833342
428.0	460.0	0.00441180877918651
437.0	460.0	0.0068582626859967554
438.0	460.0	0.0007038916955044994
439.0	460.0	0.00586574872053347
449.0	460.0	0.00329620053704216
450.0	460.0	0.003053198882428443
459.0	460.0	0.007390084393840757
417.0	461.0	0.0027739208350642253
428.0	461.0	0.0005379851220556064
429.0	461.0	0.0030085196244661883
438.0	461.0	0.004245902205737617
439.0	461.0	0.0009159548192913536
440.0	461.0	0.0030481352844400345
450.0	461.0	0.0018965950188136738
451.0	461.0	0.0016058209803386791
460.0	461.0	0.004949793901242117
418.0	462.0	0.0028650558528916514
429.0	462.0	0.0009723874124880072
439.0	462.0	0.0011201773926868275
440.0	462.0	0.0010120030724618534
451.0	462.0	0.0004303112316395019
461.0	462.0	0.002036132211978181
419.0	463.0	0.15413972500935685
430.0	463.0	0.1604745660981541
441.0	463.0	0.14464591728569326
442.0	463.0	0.2391690289376535
452.0	463.0	0.1466543956414719
420.0	464.0	0.033476391601104945
430.0	464.0	0.006833877210516904
431.0	464.0	0.02575251734854637
441.0	464.0	0.004577991865714449
442.0	464.0	0.013507404542778939
443.0	464.0	0.03150904099020688
452.0	464.0	0.0026295806340313663
453.0	464.0	0.021956398769946386
463.0	464.0	0.15491636702767006
421.0	465.0	0.005836454977434569
431.0	465.0	0.003209484285576325
432.0	465.0	0.01263358388313357
442.0	465.0	0.02978747829727339
443.0	465.0	0.002329072597373638
444.0	465.0	0.01884262088587929
453.0	465.0	0.0068618654779055155
454.0	465.0	0.011238341398059848
464.0	465.0	0.029088309064315032
422.0	466.0	0.0021678662811688842
432.0	466.0	0.005433479500055738
433.0	466.0	0.00809313197818673
443.0	466.0	0.01573799078581567
444.0	466.0	0.000775557502689983
445.0	466.0	0.01381678635236322
454.0	466.0	0.00682872198512946
455.0	466.0	0.007638422191736938
465.0	466.0	0.018067063383189308
423.0	467.0	0.0007772335375142436
433.0	467.0	0.005482359369857248
434.0	467.0	0.00651635496535094
444.0	467.0	0.012799933845353995
445.0	467.0	0.0002412950043192419
446.0	467.0	0.012799524123453414
455.0	467.0	0.00593706915630704
456.0	467.0	0.006496335972924594
466.0	467.0	0.013575491348043978
424.0	468.0	0.0005056641956298934
434.0	468.0	0.005603294097255836
435.0	468.0	0.00479506672233665
445.0	468.0	0.01070505088898963
446.0	468.0	0.00018955084954069422
447.0	468.0	0.012892894418077956
456.0	468.0	0.005890490913562507
457.0	468.0	0.005662453271384237
467.0	468.0	0.01096411011599952
425.0	469.0	0.0005646578602854231
435.0	469.0	0.003909332924008641
436.0	469.0	0.00523453675054962
446.0	469.0	0.010373255213718496
447.0	469.0	0.00024791774770948906
448.0	469.0	0.009642082703266493
457.0	469.0	0.005011112133953279
458.0	469.0	0.004810212891273646
468.0	469.0	0.009117316558837272
426.0	470.0	0.0010392208241389752
436.0	470.0	0.003918462902376384
437.0	470.0	0.004769764990172052
447.0	470.0	0.010431995610881855
448.0	470.0	0.0003680813388997906
449.0	470.0	0.008318537345674837
458.0	470.0	0.004288768375380394
459.0	470.0	0.00422465348887624
469.0	470.0	0.00791160887743254
427.0	471.0	0.00145633197957451
437.0	471.0	0.0030697726770586432
438.0	471.0	0.0044880517999123515
448.0	471.0	0.008750027480774535
449.0	471.0	0.00048795956736569224
450.0	471.0	0.006837358986836295
459.0	471.0	0.0036059242894329047
460.0	471.0	0.003784160104407852
470.0	471.0	0.007830577778309145
428.0	472.0	0.001993529096115554
438.0	472.0	0.001714387987566457
439.0	472.0	0.003447469037462514
449.0	472.0	0.005714480220113116
450.0	472.0	0.0006349191993574865
451.0	472.0	0.0041373351985098394
460.0	472.0	0.0024182796830709563
461.0	472.0	0.0025315142181711603
471.0	472.0	0.006202439787478808
429.0	473.0	0.0022352129140249533
439.0	473.0	0.00014264810885011858
440.0	473.0	0.0022748285739987995
450.0	473.0	0.0026699017292549088
451.0	473.0	0.0008325142698974441
461.0	473.0	0.000773306710441235
462.0	473.0	0.001262825501536946
472.0	473.0	0.0033048209286123953
