1.0	0.1251994776777219
2.0	0.9999999795400129
3.0	0.30798367495913137
4.0	0.1847617458496899
5.0	0.12860615412163978
6.0	0.09452147906752903
7.0	0.07135081352397157
8.0	0.05572375940480127
9.0	0.04677356876937605
10.0	0.04388925658388024
11.0	0.045565106134059626
12.0	0.04788125164491909
13.0	0.048648945584502654
14.0	0.048715966197477104
15.0	0.048161162351612954
16.0	0.046010394059050976
17.0	0.03937191242778999
18.0	0.028837806626821803
19.0	0.01925117936248992
20.0	0.011900119643484773
21.0	0.006297513581996785
22.0	0.002753405668240049
23.0	0.3755984330329807
24.0	0.39087156069792406
25.0	0.2677901979136801
26.0	0.18393628358841763
27.0	0.13510864515187201
28.0	0.10239671948446266
29.0	0.07781392899397005
30.0	0.061880271129852595
31.0	0.05476138413223197
32.0	0.05619641480505915
33.0	0.06445682953922129
34.0	0.06529111391464038
35.0	0.06537363803128382
36.0	0.0653647153119584
37.0	0.06519300934678281
38.0	0.06348499483745416
39.0	0.04676310181267551
40.0	0.031717523171369486
41.0	0.020956342645366485
42.0	0.013184839127534837
43.0	0.008110559534153097
44.0	0.0031346952651413055
45.0	0.14372562764868577
46.0	0.2878158793030727
47.0	0.25456544447775054
48.0	0.19214901785174007
49.0	0.14624196653918886
50.0	0.11367139142720625
51.0	0.0863577088432457
52.0	0.06281827715527531
53.0	0.045961834989908676
54.0	0.04364605096784678
55.0	0.05504177919694385
56.0	0.05045194222085598
57.0	0.04945502062449452
58.0	0.049369580344286026
59.0	0.049969520913444976
60.0	0.05259018586015039
61.0	0.06385165750498498
62.0	0.04752223503819392
63.0	0.03206311194097747
64.0	0.02379212980605246
65.0	0.017423578638528708
66.0	0.010364421487869589
67.0	0.22106755427952984
68.0	0.21946901393529955
69.0	0.19262164439694074
70.0	0.15771156700401598
71.0	0.13047071266200805
72.0	0.10747423943749065
73.0	0.07753277531525857
74.0	0.04360659783872656
75.0	0.029831167171168408
76.0	0.02008373387007575
83.0	0.048209700993425704
84.0	0.036089190815458756
85.0	0.028671059729460158
86.0	0.023316567353637074
87.0	0.018050759056912814
88.0	0.007085325810606584
89.0	0.09231312668361707
90.0	0.1845445398588772
91.0	0.1761988875871119
92.0	0.15563613356883294
93.0	0.13164781315482946
94.0	0.12351061656570853
95.0	0.12621025599423974
96.0	0.10513818909427669
97.0	0.04883102198459768
98.0	0.022335256110471317
105.0	0.018007672253248713
106.0	0.033643988073411554
107.0	0.02889207294590459
108.0	0.02490814363617127
109.0	0.021535645774625366
110.0	0.018170760598870572
111.0	0.1573564977934105
112.0	0.1576389275987642
113.0	0.14728325830600125
114.0	0.1283535349548815
115.0	0.10458340346819275
116.0	0.0916919973981673
117.0	0.1033456947633919
118.0	0.07244474704231157
119.0	0.04351736045332938
120.0	0.016084448351539913
127.0	0.030083355121788093
128.0	0.028585191978962393
129.0	0.025827237871491826
130.0	0.023191455921435837
131.0	0.020889361153860826
132.0	0.009912399005731464
133.0	0.07107181245390343
134.0	0.1421320924367916
135.0	0.13831838620188916
136.0	0.1275535377998891
137.0	0.111224655240546
138.0	0.09452813362879454
139.0	0.08726851436639024
140.0	0.07774559482762185
141.0	0.05658920422982533
142.0	0.039810233376250274
149.0	0.014191473860675203
150.0	0.02746703990442441
151.0	0.025597451909614564
152.0	0.023789109056359167
153.0	0.0221992400770502
154.0	0.020965618542567115
155.0	0.13074265108313132
156.0	0.13039274506796183
157.0	0.1249096432767237
158.0	0.11523169506631645
159.0	0.10392594617400912
160.0	0.09314693946752187
161.0	0.08449132483369934
162.0	0.0711263082976189
163.0	0.04890860416970452
164.0	0.01871871850690215
171.0	0.028588327552506135
172.0	0.025452046049344326
173.0	0.023464731301037725
174.0	0.022557985535681137
175.0	0.021801908535699858
176.0	0.010698797002638495
177.0	0.06231058863920131
178.0	0.12434537426140349
179.0	0.12190826544785358
180.0	0.11605317707000178
181.0	0.10806720281954663
182.0	0.10024347885122795
183.0	0.0954360298138844
184.0	0.10119090928363872
185.0	0.08280847666236518
186.0	0.02496086212345362
193.0	0.020302466226545725
194.0	0.0268885550956501
195.0	0.023603349344873265
196.0	0.02228421396297098
197.0	0.022265762182778134
198.0	0.02156924145518091
199.0	0.12023686853261903
200.0	0.1196318680609029
201.0	0.11611680736110368
202.0	0.11019366051462057
203.0	0.10389734208180786
204.0	0.10026942809468403
205.0	0.10211944131459987
206.0	0.11131638537650314
214.0	0.014782757972561233
215.0	0.023942990802592143
216.0	0.023033808405769247
217.0	0.021149122934584232
218.0	0.021792806721438573
219.0	0.02357165868685112
220.0	0.010049321450473022
221.0	0.05901219283934113
222.0	0.11823557914491634
223.0	0.11694846934045863
224.0	0.11266838817015659
225.0	0.10706775458681458
226.0	0.10293802618893685
227.0	0.10213439141060388
228.0	0.10437614432889877
229.0	0.05305525440052384
236.0	0.007148715987055832
237.0	0.021729655203390888
238.0	0.02219757177050631
239.0	0.020103752863217157
240.0	0.019576611328586367
241.0	0.026215569156506406
242.0	0.019527357409973106
243.0	0.11620665961854693
244.0	0.11897111709075289
245.0	0.12025940604043737
246.0	0.11410202729130109
247.0	0.10532589685365337
248.0	0.10168319832254963
249.0	0.1019458001002354
250.0	0.10350675789262814
258.0	0.01683540512255803
259.0	0.025534112514472254
260.0	0.020643251604156528
261.0	0.018173848566419792
262.0	0.0207244206071941
263.0	0.026607762286542172
264.0	0.007754758308521701
265.0	0.05710896252797604
266.0	0.11417896732562202
267.0	0.12960701344495343
268.0	0.12747893623688056
269.0	0.10680250405830131
270.0	0.09936180434567551
271.0	0.09931926142406643
272.0	0.10320879591939536
273.0	0.05267557455450707
280.0	0.008923255547122064
281.0	0.023861118221350106
282.0	0.022723958402333433
283.0	0.01735207438341819
284.0	0.019211014482381925
285.0	0.026110055590986538
286.0	0.018459525215892145
287.0	0.11635027501995701
288.0	0.12973288999797924
289.0	0.14306088441751189
290.0	0.11853045080851393
291.0	0.09311605126659905
292.0	0.09359490868644181
293.0	0.10193026512297007
294.0	0.11030078295574297
302.0	0.02222779422793851
303.0	0.02297473967220228
304.0	0.019650764084436695
305.0	0.019523532043269273
306.0	0.025170986147189378
307.0	0.020117118477809115
308.0	0.007987372244986059
309.0	0.06318790540970415
310.0	0.13032237644594705
311.0	0.1432486917463282
312.0	0.14942078072747073
313.0	0.0966353914041429
314.0	0.07803190665737808
315.0	0.10456483825917176
316.0	0.103455213702695
317.0	0.07930574684323938
318.0	0.01701120127742446
324.0	0.01260245522562921
325.0	0.024683295675975575
326.0	0.02282041234497277
327.0	0.02088046420744101
328.0	0.021579915402675884
329.0	0.02213006466593509
330.0	0.016024873823118617
331.0	0.13579660680887973
332.0	0.14196486928667712
333.0	0.14381107859648817
334.0	0.14343327651399138
336.0	0.11586704047928503
337.0	0.09096210122198573
338.0	0.07404757924591335
339.0	0.05678385442907492
346.0	0.029738474128506904
347.0	0.025998278829693647
348.0	0.022782384547270985
349.0	0.020805714571444364
350.0	0.021577581322888714
351.0	0.016934868572103374
352.0	0.007761349730175952
353.0	0.07276590928812568
354.0	0.1474541982724708
355.0	0.1470378725306847
356.0	0.1340635582650285
357.0	0.08737586487685842
358.0	0.09668015978006536
359.0	0.10483918136763423
360.0	0.0770217882985658
361.0	0.05888471247035499
362.0	0.03386601308283597
368.0	0.027568456074778973
369.0	0.030812208092948965
370.0	0.024820002546408825
371.0	0.021480008213317532
372.0	0.019653457314341434
373.0	0.017243941414206636
374.0	0.015048008936738272
375.0	0.15854606956294978
376.0	0.1621608451141564
377.0	0.15287570670684886
378.0	0.12893027544062882
379.0	0.10842572653114356
380.0	0.0969469516448167
381.0	0.08210742795799776
382.0	0.06348882102346723
383.0	0.04317023315210994
384.0	0.019070545331628552
385.0	0.010348747421356
386.0	0.014367675704623113
387.0	0.01774218677779123
388.0	0.022631249011633804
389.0	0.03386983500217235
390.0	0.03145550914938464
391.0	0.026063163940512387
392.0	0.021862961928839613
393.0	0.0189928053661694
394.0	0.016680999738678162
395.0	0.01457594269676915
396.0	0.006802709822430801
397.0	0.09262320646447703
398.0	0.18423519351330592
399.0	0.18107045235864458
400.0	0.16484087867145586
401.0	0.13232217872589444
402.0	0.1056116843922754
403.0	0.08799643963473774
404.0	0.07325669535172431
405.0	0.0575592151736542
406.0	0.03496662939998431
407.0	0.024383304709026478
408.0	0.021663882628102878
409.0	0.022343066708533893
410.0	0.024599122231585294
411.0	0.028555393364651106
412.0	0.026836221129159715
413.0	0.02557654185820473
414.0	0.02136039591532474
415.0	0.018344539088782738
416.0	0.015934865936881197
417.0	0.013684986732321535
418.0	0.01179558087559349
419.0	0.22186309423514505
420.0	0.2207574387182275
421.0	0.20715001982371278
422.0	0.15433623782368755
423.0	0.11909693050007064
424.0	0.0956609764323431
425.0	0.07665272999801966
426.0	0.059880619792023346
427.0	0.04376612265192215
428.0	0.033435240108182315
429.0	0.032431251031670494
430.0	0.027907081878418824
431.0	0.024580615397963648
432.0	0.023969049999708905
433.0	0.025940858411148703
434.0	0.023418626697596742
435.0	0.019200640095371077
436.0	0.01685009933263382
437.0	0.015268614839099635
438.0	0.012637250033743504
439.0	0.01048527776442849
440.0	0.004756281645300072
441.0	0.14424460127963734
442.0	0.2894298763003489
443.0	0.2593960092793278
444.0	0.19133066589810027
445.0	0.1400143922139445
446.0	0.10869334703140496
447.0	0.08533464432946393
448.0	0.06689992527267166
449.0	0.05181170449978548
450.0	0.04136676888220828
451.0	0.03705247639579764
452.0	0.03938919955204426
453.0	0.03717475546755933
454.0	0.03721093135192064
455.0	0.03317150726775568
456.0	0.027041658655222837
457.0	0.02166711660468054
458.0	0.01677446234969709
459.0	0.01570751522610545
460.0	0.011425298229266403
461.0	0.009024452290601776
462.0	0.007070762940827032
463.0	0.37638315558279545
464.0	0.39189057537890626
465.0	0.26619962976820793
466.0	0.17958831158508742
467.0	0.1311151624891797
468.0	0.10136594342910825
469.0	0.07917343231191411
470.0	0.06258815084151051
471.0	0.05063636397891584
472.0	0.04369944541618299
473.0	0.04239877627270721
474.0	0.05086177997698485
475.0	0.04893806113436382
476.0	0.047227118197043935
477.0	0.03274489164427492
478.0	0.025173431466142045
479.0	0.020543967305496826
480.0	0.018188075669218075
481.0	0.01128543437640972
482.0	0.007663265510696153
483.0	0.005348370031083907
484.0	0.0022169614934606607
485.0	0.12546104819632525
486.0	1.0000001544679487
487.0	0.30700969308847975
488.0	0.18112797225814753
489.0	0.12529529736212378
490.0	0.09259070060303057
491.0	0.07070672510270136
492.0	0.055239758062947994
493.0	0.044077396727424
494.0	0.03615142659738156
495.0	0.029776406843831708
496.0	0.02153609543618979
497.0	0.015119338933590618
498.0	0.013237997793407327
499.0	0.0158738216341602
500.0	0.017504914637372877
501.0	0.015730790038789008
502.0	0.01237711469030274
503.0	0.008547289741976657
504.0	0.006513878971793841
505.0	0.003982216447233801
506.0	0.0017704540876817439
