1.0	0.2053159413875588
2.0	1.000000039687506
3.0	0.1618307229402411
4.0	0.04584890378692805
5.0	0.017416689801838345
6.0	0.008421348548342766
7.0	0.004816805229841983
8.0	0.002876709081784536
9.0	0.001750397847392956
10.0	0.001104683456457957
11.0	0.0007834168739682325
12.0	0.0006620415757796189
13.0	0.0006254342953410392
14.0	0.0006132933399899963
15.0	0.0006028296160433468
16.0	0.0005750120960217408
17.0	0.0004918443496637994
18.0	0.00036020891234420864
19.0	0.000240451701579644
20.0	0.0001486316453347623
21.0	7.865565221706317e-5
22.0	3.438995119228742e-5
23.0	1.000000024051797
24.0	0.2874120623708449
25.0	0.06533333415155809
26.0	0.02891124815047415
27.0	0.014636847420215532
28.0	0.008250383232434606
29.0	0.004908686266021211
30.0	0.002980882314572192
31.0	0.0018054081243500668
32.0	0.0011036172100779508
33.0	0.0008340168874493255
34.0	0.0008184001318229152
35.0	0.0008167991237572737
36.0	0.000816425291113251
37.0	0.0008142523021029038
38.0	0.0007929149284556804
39.0	0.0005840709271411511
40.0	0.0003961664854758117
41.0	0.0002617452801139483
42.0	0.00016467642156992412
43.0	0.00010129966402420051
44.0	3.915161162275516e-5
45.0	0.07973126959708325
46.0	0.1520898654200506
47.0	0.06882074755422309
48.0	0.03206353120498196
49.0	0.015104642691343309
50.0	0.009398343063233157
51.0	0.006078319339653033
52.0	0.00390424888667303
53.0	0.002377125552931571
54.0	0.0013209540715069623
55.0	0.0006427410119098354
56.0	0.0005581504738450076
57.0	0.0005990600910820546
58.0	0.0006116962451763352
59.0	0.0006228014323784044
60.0	0.0006564924265371427
61.0	0.0007973914406871727
62.0	0.0005935421826074184
63.0	0.0004004614489939359
64.0	0.00029715555931114667
65.0	0.0002176130258992451
66.0	0.00012944537748246426
67.0	0.050924618052672746
68.0	0.045566380348686875
69.0	0.024417654225622046
70.0	0.016346441085635696
71.0	0.009249859071172564
72.0	0.0060840646757816825
73.0	0.004640589987394637
74.0	0.0029601451155604527
75.0	0.0016844992063278332
76.0	0.0007608758203843755
83.0	0.0006021029747242903
84.0	0.00045073094699869224
85.0	0.0003580837601549336
86.0	0.0002912092814022771
87.0	0.0002254423992179282
88.0	8.84910833063274e-5
89.0	0.013731948734729897
90.0	0.02296013233719279
91.0	0.019755720669801163
92.0	0.011919796031939909
93.0	0.008916494958932483
94.0	0.006351645527180766
95.0	0.004949116149901696
96.0	0.004421866561520383
97.0	0.002183754751453749
98.0	0.00142458735671549
105.0	0.0002249039906879632
106.0	0.00042019303236790623
107.0	0.00036084708087549036
108.0	0.0003110894643056642
109.0	0.0002689665346931763
110.0	0.00022694035750917184
111.0	0.013621587331480679
112.0	0.012301890849958187
113.0	0.010443497832876606
114.0	0.007294394946294625
115.0	0.005709968340223847
116.0	0.0051070623703362685
117.0	0.0048344511227065975
118.0	0.0023843455302256958
119.0	0.0015061883931698633
120.0	0.000669888542788211
127.0	0.00037573177664642797
128.0	0.00035701724515343927
129.0	0.0003225683210826957
130.0	0.0002896448033212006
131.0	0.00026089152925862084
132.0	0.00012379820487218367
133.0	0.004295962525501276
134.0	0.00808465335789055
135.0	0.007111965520149389
136.0	0.006270003814984992
137.0	0.004812939060328292
138.0	0.0040205231374228646
139.0	0.003639503257691758
140.0	0.002680638685785235
141.0	0.0017994688287918995
142.0	0.0013626952508262744
149.0	0.0001772508609475965
150.0	0.00034305713470408607
151.0	0.0003196998865354573
152.0	0.0002971095564205136
153.0	0.00027725114965373467
154.0	0.00026184427000155964
155.0	0.005200146594066923
156.0	0.004945954973197561
157.0	0.004399937454617634
158.0	0.004071208451289155
159.0	0.003264051829315403
160.0	0.002851080806475669
161.0	0.00259974373762428
162.0	0.0020808993604510507
163.0	0.0014400961268580174
164.0	0.0005778703263990461
171.0	0.0003570875423515463
172.0	0.0003179129806480575
173.0	0.00029307303902014836
174.0	0.0002817307244642732
175.0	0.0002722844828675535
176.0	0.00013361713910391455
177.0	0.0017913410353615489
178.0	0.003543621289559727
179.0	0.0031166555494330436
180.0	0.002972037896387448
181.0	0.002752262671472412
182.0	0.002237916952634593
183.0	0.002139564068045254
184.0	0.002213998853026272
185.0	0.0018794872443556924
186.0	0.0006504477322879026
193.0	0.0002536112338004913
194.0	0.0003358758540575842
195.0	0.00029482980925511044
196.0	0.0002783235522532692
197.0	0.00027806989779022317
198.0	0.00026937202642559287
199.0	0.0023988585296924082
200.0	0.002411993725564439
201.0	0.0021224019911106192
202.0	0.002075146804188541
203.0	0.0018885151516434585
204.0	0.001564565480758518
205.0	0.0016529891597287108
206.0	0.0017476421468557725
214.0	0.00018467763316407397
215.0	0.0002991082622162527
216.0	0.00028774023181234073
217.0	0.00026415346030928444
218.0	0.00027216661160621935
219.0	0.0002943894279360472
220.0	0.00012550519489159295
221.0	0.0008716866807570951
222.0	0.0017627061239359585
223.0	0.0016493250280444215
224.0	0.0014720748161856788
225.0	0.0014604237690392708
226.0	0.0012937439961092597
227.0	0.0011352865575730768
228.0	0.0011814229615010408
229.0	0.0005860385328220904
236.0	8.93207601894343e-5
237.0	0.00027149409367562374
238.0	0.00027733263937746084
239.0	0.00025115523127882896
240.0	0.00024450269240753914
241.0	0.000327376809124837
242.0	0.00024386589552467819
243.0	0.0012372709721045864
244.0	0.001304169204611122
245.0	0.0011284067938160407
246.0	0.0010411235577276689
247.0	0.0010364662820327587
248.0	0.000870145757687952
249.0	0.0007935432624390979
250.0	0.0007333848084387412
258.0	0.00021039259600336065
259.0	0.0003190841241566955
260.0	0.00025794850612459566
261.0	0.0002270465946231223
262.0	0.0002588484577172174
263.0	0.0003322738273074065
264.0	9.68360929378014e-5
265.0	0.00045770592938742995
266.0	0.0009512658746534399
267.0	0.001015798613355368
268.0	0.0008461630688064209
269.0	0.0008084462485468086
270.0	0.0007449165993879471
271.0	0.0005654524563745336
272.0	0.0004876050463674479
273.0	0.00022796415960960563
280.0	0.00011155779146608518
281.0	0.0002982912069817086
282.0	0.00028401860002712806
283.0	0.0002168158693241516
284.0	0.0002399595074732511
285.0	0.00032605331282428707
286.0	0.00023047782625306074
287.0	0.0006471198559591722
288.0	0.0007401786887131735
289.0	0.0007496082626142369
290.0	0.0006482269083668027
291.0	0.0006607000971079708
292.0	0.0005282989951443731
293.0	0.00035137531508214767
294.0	0.00022406796933501752
302.0	0.0002779872879893388
303.0	0.0002872657457754506
304.0	0.00024561185400861975
305.0	0.00024392723514007604
306.0	0.0003143409639796285
307.0	0.000251158418851316
308.0	9.970601142281717e-5
309.0	0.00024753894968408414
310.0	0.0005087930773658702
311.0	0.0005437663388373624
312.0	0.0004982952094911485
313.0	0.00041808911796870703
314.0	0.000501642756093672
315.0	0.0003457091243148973
316.0	0.00022231484463218742
317.0	9.180766516670928e-5
318.0	2.6156448917226426e-5
324.0	0.0001577366630080221
325.0	0.00030885454552160956
326.0	0.00028535957770064405
327.0	0.00026092738958608837
328.0	0.00026949732681312154
329.0	0.0002762395775473483
330.0	0.00019997534807945127
331.0	0.0003910377279057421
332.0	0.0004178289020901466
333.0	0.0004156486668357799
334.0	0.00032774442318922746
336.0	0.00022830541102922557
337.0	0.00024228721071501227
338.0	0.0001787002426608042
339.0	0.0001473800342692354
346.0	0.0003726001335368936
347.0	0.0003253365200034761
348.0	0.0002847622042140826
349.0	0.00025984768011752285
350.0	0.00026931596129387404
351.0	0.00021128288229168343
352.0	9.681326240701239e-5
353.0	0.00015938225461268945
354.0	0.0003351584641455114
355.0	0.0003592276455923726
356.0	0.00038841616159948205
357.0	0.00038984079057368965
358.0	0.00026003480281166754
359.0	0.0002484616212195257
360.0	0.0002302603127996434
361.0	0.00022614209701848873
362.0	0.00022199210766653743
368.0	0.00034654110265795144
369.0	0.0003859988187703234
370.0	0.0003102768058014584
371.0	0.00026820497772830855
372.0	0.0002452348122851785
373.0	0.00021506761661423511
374.0	0.00018761745203014742
375.0	0.000252259678500436
376.0	0.0002893975271161629
377.0	0.0003102083845396488
378.0	0.000301818875300031
379.0	0.00031126861384182575
380.0	0.00026941701516138656
381.0	0.0002612257473001867
382.0	0.00025859162788621954
383.0	0.0003041235130555981
384.0	0.00038672259902224504
385.0	0.0002751103869449606
386.0	0.0002425813556336533
387.0	0.00025196407356725453
388.0	0.00029832843454552244
389.0	0.0004287507011355141
390.0	0.0003943398008217982
391.0	0.00032559128035510824
392.0	0.00027275911218864343
393.0	0.00023681690145660613
394.0	0.0002079346558215114
395.0	0.0001816529434200419
396.0	8.47686942246613e-5
397.0	9.80842348752345e-5
398.0	0.000210284199241626
399.0	0.00024286885169961695
400.0	0.0002542706811192087
401.0	0.00025419673256590344
402.0	0.0002681772004412877
403.0	0.0002723427275717927
404.0	0.0003001911732827333
405.0	0.00034152964840226507
406.0	0.00037318987811047226
407.0	0.00044416443432617175
408.0	0.0003643163969569852
409.0	0.00032150782828140094
410.0	0.0003280527837034595
411.0	0.00036717316766483345
412.0	0.0003336975750210665
413.0	0.00031820240121288037
414.0	0.00026584385153590725
415.0	0.00022835398766367381
416.0	0.00019840966084252282
417.0	0.00017042604217347627
418.0	0.00014688618996778303
419.0	0.00014573228243125672
420.0	0.0001694874252661005
421.0	0.00019942542273795457
422.0	0.00019795861807860417
423.0	0.0002330695998177415
424.0	0.0002569765832302058
425.0	0.0002701760314034294
426.0	0.0002912465441824291
427.0	0.0003359049474170407
428.0	0.0003708300656344514
429.0	0.00044792325903923996
430.0	0.0003787495083619916
431.0	0.0003223313697724395
432.0	0.00030375866998625365
433.0	0.0003251780302190292
434.0	0.0002900147551652126
435.0	0.00023763566382491402
436.0	0.00020905041771338885
437.0	0.00018974131425831452
438.0	0.00015718955193153982
439.0	0.00013047635887772507
440.0	5.919193931393879e-5
441.0	5.128712539391796e-5
442.0	0.00011315013464329053
443.0	0.00013399846895362764
444.0	0.00015929665099199944
445.0	0.00019745318084931718
446.0	0.0002292091721838858
447.0	0.00025539469600937816
448.0	0.0002742301158064494
449.0	0.00029567377581259216
450.0	0.00033057715654660817
451.0	0.00035511185980198137
452.0	0.0004599385349507544
453.0	0.0004477432217727911
454.0	0.0004593744064134303
455.0	0.0004072608279930211
456.0	0.0003344385622820413
457.0	0.0002688551240892
458.0	0.00020779675177282593
459.0	0.00019485954398111457
460.0	0.00014188977231313076
461.0	0.00011218605254498122
462.0	8.793896172825282e-5
463.0	6.227442169588732e-5
464.0	8.55966580838059e-5
465.0	0.00012216154939561697
466.0	0.00016771384055600368
467.0	0.00020454671284173364
468.0	0.00023383914408177714
469.0	0.00025923468862610363
470.0	0.00028250397552137665
471.0	0.00030703383750671986
472.0	0.00033600233038870566
473.0	0.00038097672592482843
474.0	0.0005476759062144471
475.0	0.0005666887208011773
476.0	0.0005703099233628689
477.0	0.00040096546058955736
478.0	0.00031027035990086445
479.0	0.00025415580129701116
480.0	0.00022553450160831115
481.0	0.0001401548785956939
482.0	9.517054431188814e-5
483.0	6.647205351807422e-5
484.0	2.7565333332119334e-5
485.0	1.2371477358285759e-5
486.0	3.710676759517524e-5
487.0	7.293558264883644e-5
488.0	0.00010664882136992684
489.0	0.00013702926258015965
490.0	0.00016227216925070062
491.0	0.00018327124196697894
492.0	0.00020212693301814339
493.0	0.00021949450552347856
494.0	0.00023369706893674178
495.0	0.00023301586840126007
496.0	0.00019461388785462112
497.0	0.00016288779599539816
498.0	0.00015333894589139474
499.0	0.00019257148284409448
500.0	0.0002146532332324027
501.0	0.00019392070815920154
502.0	0.0001530412132284358
503.0	0.00010597378915179458
504.0	8.087072147912016e-5
505.0	4.947553972009035e-5
506.0	2.20055555361036e-5
