1.0	2.0	0.01681647199836485
2.0	3.0	0.029094020074789242
3.0	4.0	0.016647489499414025
4.0	5.0	0.0117033856786104
5.0	6.0	0.00909310212021755
6.0	7.0	0.007282608443325983
7.0	8.0	0.00606791470868237
8.0	9.0	0.005076894240029967
9.0	10.0	0.003623834353210287
10.0	11.0	0.0018728852153789832
1.0	12.0	0.012571546487429988
2.0	12.0	0.0042449255109348605
2.0	13.0	0.020845108474246074
3.0	13.0	0.008248911600543168
12.0	13.0	0.025090033985180935
3.0	14.0	0.010309193651711013
4.0	14.0	0.006338295847703013
13.0	14.0	0.01855810525225418
4.0	15.0	0.006768739236904131
5.0	15.0	0.00493464644170627
14.0	15.0	0.013107035084607144
5.0	16.0	0.005100451067453354
6.0	16.0	0.003992651052764196
15.0	16.0	0.010035097509159624
6.0	17.0	0.004061710084160397
7.0	17.0	0.003220898359165586
16.0	17.0	0.008054361136924593
7.0	18.0	0.0032637591110717956
8.0	18.0	0.0028041555976105748
17.0	18.0	0.006484657470237382
8.0	19.0	0.0028506114650036773
9.0	19.0	0.0022262827750262892
18.0	19.0	0.005654767062614252
9.0	20.0	0.0022492362542850808
10.0	20.0	0.001374598098925206
19.0	20.0	0.00447551902931137
10.0	21.0	0.0014517382849318083
11.0	21.0	0.0004211469304471749
20.0	21.0	0.0028263363838570144
11.0	22.0	0.0007176334251335903
21.0	22.0	0.0011387803555807652
1.0	23.0	0.09110895991442294
2.0	23.0	0.10792543191278779
12.0	23.0	0.10368050640185293
1.0	24.0	0.023524948376155833
2.0	24.0	0.006708476377790984
3.0	24.0	0.02238554369699826
12.0	24.0	0.010953401888725844
13.0	24.0	0.01413663209645509
23.0	24.0	0.11463390829057878
2.0	25.0	0.03111945284773908
3.0	25.0	0.0020254327729498367
4.0	25.0	0.014622056726464189
13.0	25.0	0.010274344373493005
14.0	25.0	0.008283760878761176
24.0	25.0	0.024410976469948095
3.0	26.0	0.01767626670424083
4.0	26.0	0.001028777204826803
5.0	26.0	0.010674608473783598
14.0	26.0	0.007367073052529816
15.0	26.0	0.005739962032077328
25.0	26.0	0.01565083393129099
4.0	27.0	0.012251686184757138
5.0	27.0	0.0005483005061467372
6.0	27.0	0.008544801614070813
15.0	27.0	0.005482946947853007
16.0	27.0	0.004552150561306617
26.0	27.0	0.011222908979930335
5.0	28.0	0.009501999240318415
6.0	28.0	0.0004088971201008651
7.0	28.0	0.006873711323225118
16.0	28.0	0.004401548172865061
17.0	28.0	0.003652812964059532
27.0	28.0	0.008953698734171678
6.0	29.0	0.007573900996186822
7.0	29.0	0.000291292552860839
8.0	29.0	0.005776622155821531
17.0	29.0	0.003512190912026425
18.0	29.0	0.0029724665582109566
28.0	29.0	0.007165003876085957
7.0	30.0	0.006235548502835919
8.0	30.0	0.00016763379415354884
9.0	30.0	0.004909260445876418
18.0	30.0	0.0029717893917641236
19.0	30.0	0.0026829776708501285
29.0	30.0	0.00594425594997508
8.0	31.0	0.005412552050395758
9.0	31.0	0.00033565781036579145
10.0	31.0	0.0032881765428444953
19.0	31.0	0.0025619405853920807
20.0	31.0	0.0019135784439192893
30.0	31.0	0.005244918256242209
9.0	32.0	0.004028835607631204
10.0	32.0	0.00040500125442091695
11.0	32.0	0.0014678839609580663
20.0	32.0	0.001779599353346123
21.0	32.0	0.0010467370305108914
31.0	32.0	0.0036931777972654123
10.0	33.0	0.002311001171241611
11.0	33.0	0.00043811595586262797
21.0	33.0	0.0008592628863098029
22.0	33.0	0.0002795174692709623
32.0	33.0	0.0019059999168206943
1.0	34.0	0.02042667129346179
2.0	34.0	0.0036101992950969414
12.0	34.0	0.007855124806031802
13.0	34.0	0.017234909179149133
23.0	34.0	0.11153563120788473
24.0	34.0	0.0030982770826940426
2.0	35.0	0.02419103989409023
3.0	35.0	0.0049029801806990125
12.0	35.0	0.02843596540502509
13.0	35.0	0.003345931419844156
14.0	35.0	0.015212173832410025
24.0	35.0	0.017482563516299246
25.0	35.0	0.006928412953648849
34.0	35.0	0.02058084059899329
3.0	36.0	0.011968949674741547
4.0	36.0	0.0046785398246724785
13.0	36.0	0.020217861275284715
14.0	36.0	0.0016597560230305342
15.0	36.0	0.01144727906157661
25.0	36.0	0.00994351690179171
26.0	36.0	0.0057073170294992814
35.0	36.0	0.01687192985544056
4.0	37.0	0.00762740372136711
5.0	37.0	0.004075981957243291
14.0	37.0	0.013965699569070122
15.0	37.0	0.0008586644844629787
16.0	37.0	0.009176433024696645
26.0	37.0	0.006598626516540307
27.0	37.0	0.004624282463390028
36.0	37.0	0.012305943546039588
5.0	38.0	0.005588287517594381
6.0	38.0	0.0035048146026231686
15.0	38.0	0.010522933959300651
16.0	38.0	0.00048783645014102706
17.0	38.0	0.007566524686783566
27.0	38.0	0.005039987011447644
28.0	38.0	0.003913711722724034
37.0	38.0	0.009664269474837672
6.0	39.0	0.004701822374042777
7.0	39.0	0.0029374290293167054
16.0	39.0	0.008890001018454942
17.0	39.0	0.0004412027482688387
18.0	39.0	0.006361020530014731
28.0	39.0	0.004272900796991245
29.0	39.0	0.003242986723451645
38.0	39.0	0.008378274304688665
7.0	40.0	0.003601583770375659
8.0	40.0	0.0026490469761368558
17.0	40.0	0.006919469284881163
18.0	40.0	0.00023954688813582293
19.0	40.0	0.005585495579149969
29.0	40.0	0.003301519864642637
30.0	40.0	0.0028217285312008115
39.0	40.0	0.006813888452529133
8.0	41.0	0.0031814495386558173
9.0	41.0	0.0018954447013741493
18.0	41.0	0.005985605136266392
19.0	41.0	0.0003308380736521399
20.0	41.0	0.00414468095565923
30.0	41.0	0.0030138157445022684
31.0	41.0	0.002231102511739941
40.0	41.0	0.005926295793814833
9.0	42.0	0.0028564816588619317
10.0	42.0	0.0009341580969857422
19.0	42.0	0.0051852404188470706
20.0	42.0	0.000503712869020897
21.0	42.0	0.0024527200183035894
31.0	42.0	0.0025053734910158517
32.0	42.0	0.0013578015934982385
41.0	42.0	0.004839173840604363
10.0	43.0	0.0019519224953512548
11.0	43.0	7.903727997227161e-5
20.0	43.0	0.003326520594276461
21.0	43.0	0.0005001842104194465
22.0	43.0	0.0006385961451613187
32.0	43.0	0.001546921240930338
33.0	43.0	0.00035907867589035636
42.0	43.0	0.0029759277503522644
11.0	44.0	0.001262587430420098
21.0	44.0	0.0016837343608672728
22.0	44.0	0.0005449540052865076
33.0	44.0	0.0008244714745574699
43.0	44.0	0.0011835501504478263
1.0	45.0	0.017769321759010345
12.0	45.0	0.005197775271580357
23.0	45.0	0.10887828167343329
24.0	45.0	0.005755626617145487
34.0	45.0	0.0026573495344514447
2.0	46.0	0.013418532458334756
12.0	46.0	0.017663457969269616
13.0	46.0	0.007426576015911318
23.0	46.0	0.12134396437112255
24.0	46.0	0.006710056080543772
25.0	46.0	0.017700920389404323
34.0	46.0	0.009808333163237815
35.0	46.0	0.010772507435755474
45.0	46.0	0.01246568269768926
3.0	47.0	0.006004123249972543
13.0	47.0	0.014253034850515711
14.0	47.0	0.00430507040173847
24.0	47.0	0.0283896669469708
25.0	47.0	0.003978690477022706
26.0	47.0	0.011672143454268286
35.0	47.0	0.010907103430671555
36.0	47.0	0.005964826424769004
46.0	47.0	0.02167961086642703
4.0	48.0	0.002906389871788123
14.0	48.0	0.009244685719491136
15.0	48.0	0.003862349365116008
25.0	48.0	0.017528446598252312
26.0	48.0	0.0018776126669613202
27.0	48.0	0.009345296312969015
36.0	48.0	0.007584929696460602
37.0	48.0	0.004721013849578987
47.0	48.0	0.013549756121229606
5.0	49.0	0.0015564820996130102
15.0	49.0	0.00649112854131928
16.0	49.0	0.003543968967840344
26.0	49.0	0.012231090573396608
27.0	49.0	0.001008181593466273
28.0	49.0	0.007945517140705405
37.0	49.0	0.005632464056856301
38.0	49.0	0.004031805417981371
48.0	49.0	0.010353477906435288
6.0	50.0	0.0011064303718588409
16.0	50.0	0.0050990814246230365
17.0	50.0	0.002955279712301556
27.0	50.0	0.009651231985929654
28.0	50.0	0.0006975332517579758
29.0	50.0	0.006467470624327981
38.0	50.0	0.004611244974482009
39.0	50.0	0.003541208036924576
49.0	50.0	0.00864305039246338
7.0	51.0	0.000854548509206587
17.0	51.0	0.004614196865451248
18.0	51.0	0.002955129788216763
28.0	51.0	0.00887800488563149
29.0	51.0	0.0005145323256989277
30.0	51.0	0.006424001468087401
39.0	51.0	0.004360882950924317
40.0	51.0	0.003340554766992019
50.0	51.0	0.008063797341349573
8.0	52.0	0.0006085983500126735
18.0	52.0	0.0034127539476232482
19.0	52.0	0.002242013114991004
29.0	52.0	0.006385220505834205
30.0	52.0	0.00044096455585912464
31.0	52.0	0.0048039537003830846
40.0	52.0	0.0032759713383766235
41.0	52.0	0.0025728511886431438
51.0	52.0	0.00693872484111163
9.0	53.0	0.0010138364779524035
19.0	53.0	0.0032515736866564468
20.0	53.0	0.0012469723078139955
30.0	53.0	0.005948355529256179
31.0	53.0	0.0006764516766713588
32.0	53.0	0.003035727866739455
41.0	53.0	0.0029190334200864822
42.0	53.0	0.0018111039900147402
52.0	53.0	0.005505122169399652
10.0	54.0	0.0012282186706412204
20.0	54.0	0.0026382382362503697
21.0	54.0	0.0002609288754657084
31.0	54.0	0.004601126915031324
32.0	54.0	0.0008127811014519049
33.0	54.0	0.00114233376220747
42.0	54.0	0.002245647353712166
43.0	54.0	0.0007740021320427628
53.0	54.0	0.003931438493540432
11.0	55.0	0.0012645420153954978
21.0	55.0	0.0016856889458426727
22.0	55.0	0.0005469085902619075
32.0	55.0	0.002732425976353564
33.0	55.0	0.0008264260595328698
43.0	55.0	0.0011855047354232262
44.0	55.0	1.954584975399909e-6
54.0	55.0	0.001990055663162916
12.0	56.0	0.01681136805253393
23.0	56.0	0.12049187445438686
24.0	56.0	0.005857966163808084
34.0	56.0	0.008956243246502127
35.0	56.0	0.011624597352491162
45.0	56.0	0.011613592780953572
46.0	56.0	0.0008520899167356877
13.0	57.0	0.00983507097900696
24.0	57.0	0.02397170307546205
25.0	57.0	0.00043927339448604497
34.0	57.0	0.027069980158156093
35.0	57.0	0.006489139559162804
36.0	57.0	0.010382790296277755
46.0	57.0	0.017261646994918278
47.0	57.0	0.004417963871508751
56.0	57.0	0.018113736911653966
14.0	58.0	0.004985758720442851
25.0	58.0	0.013269519599204027
26.0	58.0	0.0023813143320869645
35.0	58.0	0.020197932552852876
36.0	58.0	0.003326002697412317
37.0	58.0	0.008979940848627271
47.0	58.0	0.009290829122181321
48.0	58.0	0.004258926999048285
57.0	58.0	0.013708792993690072
15.0	59.0	0.0025999468964791606
26.0	59.0	0.008339908928556489
27.0	59.0	0.0028830000513738463
36.0	59.0	0.01404722595805577
37.0	59.0	0.0017412824120161818
38.0	59.0	0.00792298706282149
48.0	59.0	0.0064622962615951685
49.0	59.0	0.0038911816448401193
58.0	59.0	0.010721223260643453
16.0	60.0	0.001482621874683454
27.0	60.0	0.006034772435990071
28.0	60.0	0.0029189262981816066
37.0	60.0	0.0106590548993801
38.0	60.0	0.000994785424542427
39.0	60.0	0.007334772376826314
49.0	60.0	0.005026590842523798
50.0	60.0	0.0036164595499395824
59.0	60.0	0.008917772487363917
17.0	61.0	0.001098072944198811
28.0	61.0	0.0048495640706735016
29.0	61.0	0.002508997324821798
38.0	61.0	0.008869001951517571
39.0	61.0	0.0006996516992492912
40.0	61.0	0.005980120455265461
50.0	61.0	0.004133187450754006
51.0	61.0	0.0034727939928512436
60.0	61.0	0.007847343101300993
18.0	62.0	0.0009684154337372509
29.0	62.0	0.004340675672443711
30.0	62.0	0.002403076560335024
39.0	62.0	0.008286995438730958
40.0	62.0	0.0007287619947803398
41.0	62.0	0.005822247408160997
51.0	62.0	0.0045861671619992425
52.0	62.0	0.0029033503932886207
61.0	62.0	0.0073310273476038385
19.0	63.0	0.000984470323723341
30.0	63.0	0.0036674479945734695
31.0	63.0	0.0015774702616687397
40.0	63.0	0.006599610109416738
41.0	63.0	0.0006536322500712011
42.0	63.0	0.004155454842623914
52.0	63.0	0.003226483438714345
53.0	63.0	0.0022620381707853235
62.0	63.0	0.006563792520439066
20.0	64.0	0.0015809814553131517
31.0	64.0	0.00359816598040674
32.0	64.0	0.0002949700050743095
41.0	64.0	0.0059500661467576255
42.0	64.0	0.0011255741225817274
43.0	64.0	0.0019256455588562381
53.0	64.0	0.0029044114416471615
54.0	64.0	0.0011609779104854096
63.0	64.0	0.005261044557841075
21.0	65.0	0.001749662903601753
32.0	65.0	0.0028812455804909567
33.0	65.0	0.0008207505132878107
42.0	65.0	0.004498515131626346
43.0	65.0	0.001208935126456144
44.0	65.0	7.055036840849548e-5
54.0	65.0	0.002081175340619912
55.0	65.0	7.266338670650194e-5
64.0	65.0	0.003370916903770338
22.0	66.0	0.0016826647995982769
33.0	66.0	0.001962182268869239
43.0	66.0	0.0023212609447595955
44.0	66.0	0.0011377107943117692
55.0	66.0	0.0011357562093363693
65.0	66.0	0.0013004808940579923
23.0	67.0	0.1204014417735299
34.0	67.0	0.008865810565645171
45.0	67.0	0.011523160100096616
46.0	67.0	0.0009425225975926432
56.0	67.0	9.043268085695555e-5
24.0	68.0	0.021329530586605208
34.0	68.0	0.02442780766929925
35.0	68.0	0.003846967070305962
45.0	68.0	0.027085157203750695
46.0	68.0	0.014619474506061436
47.0	68.0	0.007060136360365593
56.0	68.0	0.015471564422797124
57.0	68.0	0.002642172488856842
67.0	68.0	0.01556199710365408
25.0	69.0	0.009621988088881844
35.0	69.0	0.016550401042530694
36.0	69.0	0.0003215288129098659
46.0	69.0	0.027322908478286168
47.0	69.0	0.005643297611859138
48.0	69.0	0.007906458509370468
57.0	69.0	0.01006126148336789
58.0	69.0	0.003647531510322183
68.0	69.0	0.012703433972224731
26.0	70.0	0.0047990075374966246
36.0	70.0	0.010506324566995906
37.0	70.0	0.0017996189790436823
47.0	70.0	0.01647115099176491
48.0	70.0	0.0029213948705353043
49.0	70.0	0.007432083035899983
58.0	70.0	0.007180321869583589
59.0	70.0	0.003540901391059864
69.0	70.0	0.010827853379905772
27.0	71.0	0.0025735975100372732
37.0	71.0	0.007197879973427301
38.0	71.0	0.002466389501410371
48.0	71.0	0.011918893823006288
49.0	71.0	0.0015654159165710002
50.0	71.0	0.00707763447589238
59.0	71.0	0.0054565975614111195
60.0	71.0	0.003461174925952798
70.0	71.0	0.008997498952470984
28.0	72.0	0.0016547672606418429
38.0	72.0	0.0055684789833658765
39.0	72.0	0.0025370964877981135
49.0	72.0	0.009600284401347248
50.0	72.0	0.0009572340088838671
51.0	72.0	0.006946449674106186
60.0	72.0	0.0045736935588234495
61.0	72.0	0.0031500944411692157
71.0	72.0	0.008034868484776247
29.0	73.0	0.0015265499771343314
39.0	73.0	0.005725745822920601
40.0	73.0	0.0025743417261931303
50.0	73.0	0.00961199752244732
51.0	73.0	0.001188365422794969
52.0	73.0	0.0064560708129745995
61.0	73.0	0.004736475714335442
62.0	73.0	0.003823367656894017
72.0	73.0	0.008415290831843003
30.0	74.0	0.0010602940011920359
40.0	74.0	0.003913949928892946
41.0	74.0	0.0019535217433102325
51.0	74.0	0.0076616476630919595
52.0	74.0	0.0006193294453329112
53.0	74.0	0.004882606215984377
62.0	74.0	0.0036059790090377363
63.0	74.0	0.0026071539933814336
73.0	74.0	0.007230338843612522
31.0	75.0	0.0018915443290333511
41.0	75.0	0.004122646840773292
42.0	75.0	0.0005267612160838803
52.0	75.0	0.006695498029416436
53.0	75.0	0.0012248248253404173
54.0	75.0	0.0026608401393988937
63.0	75.0	0.003469014590702091
64.0	75.0	0.0016042085541097995
74.0	75.0	0.0060761685840835244
32.0	76.0	0.002201118670459153
42.0	76.0	0.003675201930261743
43.0	76.0	0.00063903793871587
53.0	76.0	0.005278187100670297
54.0	76.0	0.001437455230759976
55.0	76.0	0.0005580844845830123
64.0	76.0	0.0026195434610425854
65.0	76.0	0.0005303671111359111
75.0	76.0	0.0040204077537848
33.0	77.0	0.002302444582814117
43.0	77.0	0.0026615232587044735
44.0	77.0	0.0014779731082566472
54.0	77.0	0.0035041091153358663
55.0	77.0	0.0014760185232812473
65.0	77.0	0.001668323942345232
66.0	77.0	0.00034026231394487794
76.0	77.0	0.002048567667506506
34.0	78.0	0.026042774473249042
45.0	78.0	0.028700124007700487
46.0	78.0	0.016234441310011227
56.0	78.0	0.017086531226746915
57.0	78.0	0.001027205684907051
67.0	78.0	0.01717696390760387
68.0	78.0	0.001614966803949791
35.0	79.0	0.014526405144775989
46.0	79.0	0.025298912580531463
47.0	79.0	0.0036193017141044337
56.0	79.0	0.02615100249726715
57.0	79.0	0.008037265585613185
58.0	79.0	0.005671527408076887
68.0	79.0	0.010679438074470027
69.0	79.0	0.0020239958977547046
78.0	79.0	0.009064471270520236
36.0	80.0	0.007727596883532195
47.0	80.0	0.0136924233083012
48.0	80.0	0.00014266718707159343
57.0	80.0	0.01811038717980995
58.0	80.0	0.004401594186119878
59.0	80.0	0.006319629074523575
69.0	80.0	0.008049125696442061
70.0	80.0	0.002778727683463711
79.0	80.0	0.010073121594196766
37.0	81.0	0.004085263252881999
48.0	81.0	0.008806277102460985
49.0	81.0	0.0015472008039743024
58.0	81.0	0.01306520410150927
59.0	81.0	0.002343980840865817
60.0	81.0	0.0065737916464981005
70.0	81.0	0.005884882231925681
71.0	81.0	0.0031126167205453026
80.0	81.0	0.008663609915389392
38.0	82.0	0.0023176597448073544
49.0	82.0	0.0063494651627887255
50.0	82.0	0.002293585229674655
59.0	82.0	0.010240646807628845
60.0	82.0	0.0013228743202649274
61.0	82.0	0.006488732265557629
71.0	82.0	0.004784049246217725
72.0	82.0	0.003250819238558522
81.0	82.0	0.007896665966763028
39.0	83.0	0.0016686774968582756
50.0	83.0	0.00496665895304918
51.0	83.0	0.002266380258714086
60.0	83.0	0.008583118502988762
61.0	83.0	0.0009676422861956506
62.0	83.0	0.006043344962653066
72.0	83.0	0.004009424944165313
73.0	83.0	0.0034028219771759485
82.0	83.0	0.007260244182723835
40.0	84.0	0.0012701649572458245
51.0	84.0	0.004682986391438981
52.0	84.0	0.001961070182375411
61.0	84.0	0.007092652702977324
62.0	84.0	0.0006914605429764242
63.0	84.0	0.005201489884857069
73.0	84.0	0.004036644563319713
74.0	84.0	0.002583074719235357
83.0	84.0	0.0059590244117886364
41.0	85.0	0.002030843959938855
52.0	85.0	0.004603695148581999
53.0	85.0	0.0008777405775034573
62.0	85.0	0.008126237782148894
63.0	85.0	0.001377211709867654
64.0	85.0	0.0038092670476216474
74.0	85.0	0.0039843657032490876
75.0	85.0	0.002091802880834437
84.0	85.0	0.006584650233859779
42.0	86.0	0.0031177563297507755
53.0	86.0	0.004835000883895398
54.0	86.0	0.0007617178918201014
63.0	86.0	0.00720942573057888
64.0	86.0	0.001994407292474223
65.0	86.0	0.0013659424994465642
75.0	86.0	0.0035086228939816893
76.0	86.0	0.0007465204738456513
85.0	86.0	0.005740193223995059
43.0	87.0	0.0028826742866420174
54.0	87.0	0.0037309588953481692
55.0	87.0	0.0016971695512187912
64.0	87.0	0.004964395279505127
65.0	87.0	0.0019074008689236512
66.0	87.0	0.0005614133418824219
76.0	87.0	0.0022718859272898525
77.0	87.0	0.00022115102793754393
86.0	87.0	0.003138956509393619
44.0	88.0	0.0029522093024436646
55.0	88.0	0.0029502547174682647
65.0	88.0	0.0032620576981586403
66.0	88.0	0.0018144985081318954
77.0	88.0	0.0014742361941870175
87.0	88.0	0.0012530851662494735
45.0	89.0	0.03204468576223589
56.0	89.0	0.020431092981282317
67.0	89.0	0.020521525662139273
68.0	89.0	0.004959528558485193
78.0	89.0	0.0033445617545354023
46.0	90.0	0.024887640677218048
56.0	90.0	0.025739730593953736
57.0	90.0	0.00762599368229977
67.0	90.0	0.02583016327481069
68.0	90.0	0.010268166171156612
69.0	90.0	0.0024352678010681195
78.0	90.0	0.00865319936720682
79.0	90.0	0.0004112719033134149
89.0	90.0	0.0053086376126714185
47.0	91.0	0.01248153090323792
57.0	91.0	0.01689949477474667
58.0	91.0	0.0031907017810565985
68.0	91.0	0.019541667263603513
69.0	91.0	0.006838233291378781
70.0	91.0	0.003989620088526991
79.0	91.0	0.008862229189133486
80.0	91.0	0.0012108924050632797
90.0	91.0	0.0092735010924469
48.0	92.0	0.006323539503832992
58.0	92.0	0.010582466502881277
59.0	92.0	0.00013875675776217622
69.0	92.0	0.01422999801320346
70.0	92.0	0.003402144633297688
71.0	92.0	0.005595354319173296
80.0	92.0	0.006180872316761399
81.0	92.0	0.002482737598627993
91.0	92.0	0.0073917647218246785
49.0	93.0	0.0034371920135794765
59.0	93.0	0.007328373658419596
60.0	93.0	0.0015893988289443217
70.0	93.0	0.01086927504947946
71.0	93.0	0.0018717760970084762
72.0	93.0	0.006163092387767771
81.0	93.0	0.004984392817553779
82.0	93.0	0.002912273149209249
92.0	93.0	0.007467130416181772
50.0	94.0	0.0020994180065833368
60.0	94.0	0.005715877556522919
61.0	94.0	0.001977055149442393
71.0	94.0	0.009177052482475717
72.0	94.0	0.0011421839976994697
73.0	94.0	0.006987364933616825
82.0	94.0	0.004393003236257992
83.0	94.0	0.0028672409464658433
93.0	94.0	0.007305276385467241
51.0	95.0	0.0021940093002008887
61.0	95.0	0.004892094740830918
62.0	95.0	0.0017081694139033895
72.0	95.0	0.007830649710488552
73.0	95.0	0.0013743643761316541
74.0	95.0	0.004684136856122678
83.0	95.0	0.003821224766323239
84.0	95.0	0.0021212944944955566
94.0	95.0	0.006688465712789082
52.0	96.0	0.002113778691993612
62.0	96.0	0.005301430135092436
63.0	96.0	0.001112704746720733
73.0	96.0	0.009098656721633522
74.0	96.0	0.0014944492466607007
75.0	96.0	0.004581719337422824
84.0	96.0	0.004083978993260656
85.0	96.0	0.002489916456588387
95.0	96.0	0.006178586102783379
53.0	97.0	0.003069091014633618
63.0	97.0	0.005305125397830067
64.0	97.0	0.00032829918444683595
74.0	97.0	0.007913778490694306
75.0	97.0	0.0018341161424507175
76.0	97.0	0.0021706416170671964
85.0	97.0	0.003927121798658129
86.0	97.0	0.001554034234238181
96.0	97.0	0.006418469943778064
54.0	98.0	0.0035965319137484645
64.0	98.0	0.0048643836422925645
65.0	98.0	0.0017074590935696682
75.0	98.0	0.0061737127267045555
76.0	98.0	0.0020963274069453627
77.0	98.0	1.2885126833957922e-5
86.0	98.0	0.0029803955421026937
87.0	98.0	0.0002405315038129647
97.0	98.0	0.004289349694169359
55.0	99.0	0.003605055440932675
65.0	99.0	0.003969934780834503
66.0	99.0	0.002469299231596306
76.0	99.0	0.004198468682656619
77.0	99.0	0.002129036917651428
87.0	99.0	0.001907885889713884
88.0	99.0	0.0006548007234644104
98.0	99.0	0.0022044532388066336
56.0	100.0	0.028351131476113234
67.0	100.0	0.02844156415697019
68.0	100.0	0.01287956705331611
78.0	100.0	0.011264600249366319
79.0	100.0	0.002200128978846083
89.0	100.0	0.007920038494830917
90.0	100.0	0.002611400882159498
57.0	101.0	0.016727432590323665
68.0	101.0	0.019369605079180507
69.0	101.0	0.006666171106955776
78.0	101.0	0.017754638275230716
79.0	101.0	0.00869016700471048
80.0	101.0	0.001382954589486285
90.0	101.0	0.009101438908023896
91.0	101.0	0.00017206218442300525
100.0	101.0	0.0064900380258643975
58.0	102.0	0.009336200722625504
69.0	102.0	0.012983732232947687
70.0	102.0	0.002155878853041915
79.0	102.0	0.015007728130702391
80.0	102.0	0.004934606536505626
81.0	102.0	0.003729003378883766
91.0	102.0	0.006145498941568905
92.0	102.0	0.001246265780255773
101.0	102.0	0.006317561125991911
59.0	103.0	0.0049266308259668
70.0	103.0	0.008474409119596063
71.0	103.0	0.0005405641753744419
80.0	103.0	0.011258533462677101
81.0	103.0	0.0025780976618118142
82.0	103.0	0.005333904683030995
92.0	103.0	0.0050656570678514045
93.0	103.0	0.002415975511105848
102.0	103.0	0.006314343262402824
60.0	104.0	0.0028268981010299843
71.0	104.0	0.006288073026982782
72.0	104.0	0.0017467954577934652
81.0	104.0	0.009400689747528085
82.0	104.0	0.001504023780765057
83.0	104.0	0.005756220401958778
93.0	104.0	0.004416296929974306
94.0	104.0	0.002888979455492935
103.0	104.0	0.006840849478492618
61.0	105.0	0.002130898508982071
72.0	105.0	0.005142083204005082
73.0	105.0	0.001986804885076433
82.0	105.0	0.008392902442563605
83.0	105.0	0.0011326582598397694
84.0	105.0	0.004821473821159888
94.0	105.0	0.003999899206305613
95.0	105.0	0.0026885665064834696
104.0	105.0	0.006888878661798548
62.0	106.0	0.0023993507312664933
73.0	106.0	0.005900683774916092
74.0	106.0	0.00106357811971311
83.0	106.0	0.007441783502732807
84.0	106.0	0.0015149026490200955
85.0	106.0	0.005047943822962198
95.0	106.0	0.003620558736409568
96.0	106.0	0.0025580273663738107
105.0	106.0	0.006309125242893038
64.0	108.0	0.004310180068331102
75.0	108.0	0.00561822180949372
76.0	108.0	0.0016294489590406786
85.0	108.0	0.007722259895335483
86.0	108.0	0.002465431364401654
87.0	108.0	0.0006494543892999437
97.0	108.0	0.0037766208513725055
98.0	108.0	0.00042666418204874906
65.0	109.0	0.0045486400774310725
76.0	109.0	0.004739028834624948
77.0	109.0	0.002664351107300983
86.0	109.0	0.0057454032531799384
87.0	109.0	0.002443200079363439
88.0	109.0	0.0011901149131139654
98.0	109.0	0.002755489953198889
99.0	109.0	0.000535314189649555
108.0	109.0	0.003106945037874667
66.0	110.0	0.0043545825153778195
77.0	110.0	0.0040143202014329415
87.0	110.0	0.0037931691734953976
88.0	110.0	0.002540084007245924
99.0	110.0	0.0018852832837815137
109.0	110.0	0.0013499690941319586
67.0	111.0	0.03222524305564328
78.0	111.0	0.015048279148039412
89.0	111.0	0.01170371739350401
90.0	111.0	0.006395079780832591
100.0	111.0	0.003783678898673093
68.0	112.0	0.020623816736864448
78.0	112.0	0.019008849932914657
79.0	112.0	0.00994437866239442
89.0	112.0	0.015664288178379254
90.0	112.0	0.010355650565707836
91.0	112.0	0.001082149473260935
100.0	112.0	0.007744249683548338
101.0	112.0	0.0012542116576839402
111.0	112.0	0.003960570784875245
69.0	113.0	0.014891921822537431
79.0	113.0	0.017203449545174405
80.0	113.0	0.0056993255277744065
90.0	113.0	0.017673147338092485
91.0	113.0	0.0070822390833499786
92.0	113.0	0.001359610572897926
101.0	113.0	0.007278744673975169
102.0	113.0	6.370155141555413e-5
112.0	113.0	0.005846357869235578
70.0	114.0	0.006917708742456633
80.0	114.0	0.009701833085541288
81.0	114.0	0.0010213972846647274
91.0	114.0	0.010915077205091236
92.0	114.0	0.003508956690707548
93.0	114.0	0.00397267588825942
102.0	114.0	0.004757642885260589
103.0	114.0	0.0015597295799356118
113.0	114.0	0.005371177261225013
71.0	115.0	0.0037974007112999046
81.0	115.0	0.006916062548486695
82.0	115.0	0.0009959397963574693
92.0	115.0	0.009403621954526712
93.0	115.0	0.0019219893755681773
94.0	115.0	0.00539747483057
103.0	115.0	0.0043464061869462065
104.0	115.0	0.0025028845918193513
114.0	115.0	0.005906135766887746
72.0	116.0	0.002376760490683194
82.0	116.0	0.005627579729241716
83.0	116.0	0.0016326644534821189
93.0	116.0	0.008539852878450965
94.0	116.0	0.0012345764929837244
95.0	116.0	0.005453889219805358
104.0	116.0	0.004123555948476659
105.0	116.0	0.0027653227133218883
115.0	116.0	0.0066344490356953015
73.0	117.0	0.003086948611668674
83.0	117.0	0.005191104191419937
84.0	117.0	0.0007454981008601419
94.0	117.0	0.00805834513788578
95.0	117.0	0.0013698794250966984
96.0	117.0	0.0048087066776866805
105.0	117.0	0.004058445931580168
106.0	117.0	0.00225067931131287
116.0	117.0	0.006823768644902056
74.0	118.0	0.003510284608867792
84.0	118.0	0.006108521424278982
85.0	118.0	0.00047408109438129564
95.0	118.0	0.00819442146499047
96.0	118.0	0.0020158353622070913
97.0	118.0	0.004401475487111428
106.0	118.0	0.004573862728580902
117.0	118.0	0.006824542039893772
75.0	119.0	0.004206328181598051
85.0	119.0	0.006298131062432488
86.0	119.0	0.0009787584239983598
96.0	119.0	0.008788047519020875
97.0	119.0	0.0023746306551621745
98.0	119.0	0.0018438419598550485
108.0	119.0	0.001387290311731663
118.0	119.0	0.006772212156813784
76.0	120.0	0.0047159351028241685
86.0	120.0	0.005721005565524692
87.0	120.0	0.0024203304647980595
97.0	120.0	0.006822417918173769
98.0	120.0	0.0027319486432295535
99.0	120.0	0.0005124445750841755
108.0	120.0	0.003083941656200919
109.0	120.0	2.2869614565379504e-5
119.0	120.0	0.004445231279004425
77.0	121.0	0.00498901219051312
87.0	121.0	0.004767861162575576
88.0	121.0	0.0035147759963261027
98.0	121.0	0.00514842783927912
99.0	121.0	0.0028599752728616923
109.0	121.0	0.0023246610832121373
110.0	121.0	0.0009746919890801786
120.0	121.0	0.0023475306977775168
78.0	122.0	0.021689996046540372
89.0	122.0	0.01834543429200497
90.0	122.0	0.013036796679333551
100.0	122.0	0.010425395797174053
101.0	122.0	0.0039353577713096555
111.0	122.0	0.00664171689850096
112.0	122.0	0.0026811461136257153
79.0	123.0	0.018111342359605917
90.0	123.0	0.01857722779825364
91.0	123.0	0.008072281825899363
100.0	123.0	0.01561905429875546
101.0	123.0	0.008267192457087093
102.0	123.0	0.0011107110328659581
112.0	123.0	0.006846431778836046
113.0	123.0	0.0012193420732044252
122.0	123.0	0.003809251453212761
80.0	124.0	0.00925362542738703
91.0	124.0	0.01046451783245031
92.0	124.0	0.003072753110625631
101.0	124.0	0.010636580016873315
102.0	124.0	0.004319018890881404
103.0	124.0	0.001986936261029844
113.0	124.0	0.004868883495787491
114.0	124.0	0.00043023588388198947
123.0	124.0	0.0037818381403088353
81.0	125.0	0.005030043224719175
92.0	125.0	0.007517602630758962
93.0	125.0	3.597005180111783e-5
102.0	125.0	0.00876628882531048
103.0	125.0	0.002456716834525817
104.0	125.0	0.004388903915586003
114.0	125.0	0.004016446414464754
115.0	125.0	0.0018896893524203158
124.0	125.0	0.0044388818239371585
82.0	126.0	0.0029425887717249577
93.0	126.0	0.005854861920934207
94.0	126.0	0.0014504144645330341
103.0	126.0	0.008282208354452411
104.0	126.0	0.0014385649909599008
105.0	126.0	0.005450313670838647
115.0	126.0	0.003944243467779391
116.0	126.0	0.0026849909575167585
125.0	126.0	0.00583026279154591
83.0	127.0	0.0024535498372400544
94.0	127.0	0.005320790783705898
95.0	127.0	0.0013676749290831847
104.0	127.0	0.008209770239198833
105.0	127.0	0.001320891577400285
106.0	127.0	0.004988233665492753
116.0	127.0	0.004086214290722173
117.0	127.0	0.002737554354179883
126.0	127.0	0.006771205248238932
84.0	128.0	0.0033835118993747566
95.0	128.0	0.005481131548962348
96.0	128.0	0.0006974545538210308
105.0	128.0	0.008169698055445818
106.0	128.0	0.0018605728125527798
117.0	128.0	0.00411125212386565
118.0	128.0	0.002713289916028122
127.0	128.0	0.006848806478045533
85.0	129.0	0.004252429425197185
96.0	129.0	0.006742345881785572
97.0	129.0	0.00032775275052028877
106.0	129.0	0.009300373248159383
108.0	129.0	0.003444957502291672
118.0	129.0	0.004726510519578481
119.0	129.0	0.002045701637235303
128.0	129.0	0.007439800435606603
86.0	130.0	0.005578744848841082
97.0	130.0	0.0066954882977815905
98.0	130.0	0.0025767115172402547
108.0	130.0	0.0029343435930275015
109.0	130.0	0.00018976477116236927
119.0	130.0	0.0043044705784496115
120.0	130.0	0.00016676138948859242
129.0	130.0	0.0063621377690122076
87.0	131.0	0.00568045964505822
98.0	131.0	0.006095279134296146
99.0	131.0	0.003738699124129485
108.0	131.0	0.0063753329119267685
109.0	131.0	0.003193880398146693
110.0	131.0	0.0018199425197904199
120.0	131.0	0.0032171560641240595
121.0	131.0	0.0008279448145475664
130.0	131.0	0.0034060495658589005
88.0	132.0	0.005806565946488651
99.0	132.0	0.0051517652230242406
109.0	132.0	0.0046164510333746855
110.0	132.0	0.003266481939242727
121.0	132.0	0.0022917899501625483
131.0	132.0	0.0015045360070146863
89.0	133.0	0.022359278747287686
100.0	133.0	0.01443924025245677
111.0	133.0	0.010655561353783677
112.0	133.0	0.006694990568908432
122.0	133.0	0.004013844455282717
90.0	134.0	0.01844274863008427
100.0	134.0	0.015831347747924773
101.0	134.0	0.009341309722060376
111.0	134.0	0.01204766884925168
112.0	134.0	0.008087098064376436
113.0	134.0	0.0033896052037268743
122.0	134.0	0.00540595195075072
123.0	134.0	0.0023145665746983277
133.0	134.0	0.0013921074954680035
91.0	135.0	0.020905378902990178
101.0	135.0	0.02121061546768824
102.0	135.0	0.010003326301655933
112.0	135.0	0.018985656746633415
113.0	135.0	0.0127087917324032
114.0	135.0	0.0015851267672039747
123.0	135.0	0.0104336625326506
124.0	135.0	0.0023414307286132403
134.0	135.0	0.004639227054226365
92.0	136.0	0.006464091498739222
102.0	136.0	0.007710357278994995
103.0	136.0	0.0014109885583618957
113.0	136.0	0.008742000387804833
114.0	136.0	0.002967688935514163
115.0	136.0	0.0029269763283123014
124.0	136.0	0.0033913383881135906
125.0	136.0	0.0010409570045451495
135.0	136.0	0.0036747690702430597
93.0	137.0	0.003607779543469801
103.0	137.0	0.006035476755073503
104.0	137.0	0.0008170944239138441
114.0	137.0	0.007595206335015865
115.0	137.0	0.0016890705681314043
116.0	137.0	0.004948658867786168
125.0	137.0	0.003578759920549904
126.0	137.0	0.002258453299872619
136.0	137.0	0.004612766496213044
94.0	138.0	0.002435942052407103
104.0	138.0	0.005324921507900038
105.0	138.0	0.0015639571538985098
115.0	138.0	0.007838147807199642
116.0	138.0	0.0012013655594233785
117.0	138.0	0.005622403085478678
126.0	138.0	0.003886356516940137
127.0	138.0	0.0028848487312987947
137.0	138.0	0.006152357639289453
95.0	139.0	0.0029527612193717967
105.0	139.0	0.005641327725855266
106.0	139.0	0.0006677975170377715
116.0	139.0	0.008406650439177155
117.0	139.0	0.0015828817942750983
118.0	139.0	0.005241660245618673
127.0	139.0	0.004320436148454981
128.0	139.0	0.0025283703295905513
138.0	139.0	0.007205284879753776
96.0	140.0	0.004186029241781936
106.0	140.0	0.006744056608155746
117.0	140.0	0.008994735919468616
118.0	140.0	0.0021701938795748443
119.0	140.0	0.0046020182772389395
128.0	140.0	0.004883483795602966
129.0	140.0	0.0025563166400036363
139.0	140.0	0.007411854125193518
97.0	141.0	0.005186541441118143
108.0	141.0	0.0014394423204014191
118.0	141.0	0.009582507038372018
119.0	141.0	0.002810294881558234
120.0	141.0	0.0016349363974461906
129.0	141.0	0.004855996518793537
130.0	141.0	0.001477737946312975
140.0	141.0	0.0074123131587971736
98.0	142.0	0.006212939204739103
108.0	142.0	0.006486456756827458
109.0	142.0	0.0033476913296308828
119.0	142.0	0.007833181290327593
120.0	142.0	0.0033706499487358454
121.0	142.0	0.0010139830721077401
130.0	142.0	0.003557856668868323
131.0	142.0	0.00020083325041662998
141.0	142.0	0.00501194923266124
99.0	143.0	0.006455453237125736
109.0	143.0	0.005920139047476181
110.0	143.0	0.004570169953344222
120.0	143.0	0.00594300866204156
121.0	143.0	0.0035954779642640433
131.0	143.0	0.0028313710819205004
132.0	143.0	0.001303688014101495
142.0	143.0	0.0025954878634797305
100.0	144.0	0.019335426587205495
111.0	144.0	0.015551747688532402
112.0	144.0	0.011591176903657158
122.0	144.0	0.008910030790031442
123.0	144.0	0.0062839583419020935
133.0	144.0	0.0048961863347487256
134.0	144.0	0.003504078839280722
101.0	145.0	0.015002901323709758
112.0	145.0	0.013581657198142938
113.0	145.0	0.009057489431902597
122.0	145.0	0.010543443400311128
123.0	145.0	0.007764279182123881
124.0	145.0	0.0029497707595923838
134.0	145.0	0.0044175415989446
135.0	145.0	0.0028760659381417836
144.0	145.0	0.0004467991526120557
102.0	146.0	0.008860547355456074
113.0	146.0	0.010222148722042855
114.0	146.0	0.0035502148898722756
123.0	146.0	0.008935543980661327
124.0	146.0	0.004023420570178805
125.0	146.0	0.0009403529228852578
135.0	146.0	0.004977332286920145
136.0	146.0	0.00022525849459326016
145.0	146.0	0.0012760099244223362
103.0	147.0	0.004501246703907399
114.0	147.0	0.006057947081063679
115.0	147.0	0.00016328181723373092
124.0	147.0	0.006475606473846346
125.0	147.0	0.0020493011410005983
126.0	147.0	0.0037736327526440017
136.0	147.0	0.0030842680857327553
137.0	147.0	0.001522508350669723
146.0	147.0	0.0032289972397291167
104.0	148.0	0.0026080273325124748
115.0	148.0	0.0051159770611105245
116.0	148.0	0.0015155286159641845
125.0	148.0	0.007001996384876935
126.0	148.0	0.001169462341552574
127.0	148.0	0.005601742906686358
137.0	148.0	0.0034301868932027245
138.0	148.0	0.002716894175387563
147.0	148.0	0.004943095094196576
105.0	149.0	0.002470580075659229
116.0	149.0	0.005235902788981117
117.0	149.0	0.001587865855920939
126.0	149.0	0.007920893746497876
127.0	149.0	0.001149688498258944
128.0	149.0	0.005699117979786589
138.0	149.0	0.004034537229557739
139.0	149.0	0.0031707476501960374
148.0	149.0	0.006751431404945302
106.0	150.0	0.003944700424583392
117.0	150.0	0.0061953797358962615
118.0	150.0	0.0006291623039975103
127.0	150.0	0.008932934090076144
128.0	150.0	0.002084127612030612
129.0	150.0	0.005355672823575991
139.0	150.0	0.004612497941621163
140.0	150.0	0.0027993561835723546
149.0	150.0	0.0077832455918172005
118.0	151.0	0.007357400062424191
119.0	151.0	0.000585187905610407
128.0	151.0	0.010070689978452313
129.0	151.0	0.00263088954284571
130.0	151.0	0.0037158598388522643
140.0	151.0	0.0051872061828493465
141.0	151.0	0.002225106975947827
150.0	151.0	0.007986562366421701
108.0	152.0	0.0058518299143910405
119.0	152.0	0.007197023972905947
120.0	152.0	0.0027517926939015225
129.0	152.0	0.00924272561014125
130.0	152.0	0.002934649647682195
131.0	152.0	0.0004165051218397603
141.0	152.0	0.004386729091347713
142.0	152.0	0.0006081477590074829
151.0	152.0	0.00661183606729554
109.0	153.0	0.007188329845492665
120.0	153.0	0.007211680452982436
121.0	153.0	0.004814776572626983
130.0	153.0	0.0074250445604970225
131.0	153.0	0.004056419869777444
132.0	153.0	0.002474785777318179
142.0	153.0	0.0037985166315987937
143.0	153.0	0.001143678643029741
152.0	153.0	0.004402012152503645
110.0	154.0	0.007306121874008031
121.0	154.0	0.006331429884927853
131.0	154.0	0.005615899997064807
132.0	154.0	0.0040396399347653045
143.0	154.0	0.0027359519206638094
153.0	154.0	0.0016498157216290619
111.0	155.0	0.020298732701748368
122.0	155.0	0.013657015803247408
133.0	155.0	0.00964317134796469
134.0	155.0	0.008251063852496687
144.0	155.0	0.004746985013215965
112.0	156.0	0.01532365043221312
122.0	156.0	0.012642504318587405
123.0	156.0	0.010512073739727224
133.0	156.0	0.008628659863304688
134.0	156.0	0.007236552367836685
135.0	156.0	0.008198343225514743
144.0	156.0	0.003732473528555963
145.0	156.0	0.003782754961156684
155.0	156.0	0.0010145114846600023
113.0	157.0	0.01879983853055974
123.0	157.0	0.016620111482662958
124.0	157.0	0.00785645010412324
134.0	157.0	0.010003551054369795
135.0	157.0	0.020481150370010952
136.0	157.0	0.0022348081156625243
145.0	157.0	0.004398290046610354
146.0	157.0	0.0023118827433049782
156.0	157.0	0.001992098446520687
114.0	158.0	0.005412857380610864
124.0	158.0	0.005831767195109416
125.0	158.0	0.0014042114405485692
135.0	158.0	0.008004064946240333
136.0	158.0	0.0024404288069958258
137.0	158.0	0.0021675980511212454
146.0	158.0	0.0025079232413802825
147.0	158.0	0.0006438392787369296
157.0	158.0	0.0018105614349968099
115.0	159.0	0.0028268132485506888
125.0	159.0	0.004712832572317311
126.0	159.0	0.0011152642274134261
136.0	159.0	0.005742636610963331
137.0	159.0	0.0011410230806448974
138.0	159.0	0.005001620744353563
147.0	159.0	0.0026583685252305755
148.0	159.0	0.002284726568966
158.0	159.0	0.003302207803967505
116.0	160.0	0.0020801749069833952
126.0	160.0	0.004765165864500154
127.0	160.0	0.002006039383738778
137.0	160.0	0.007032873751763427
138.0	160.0	0.0008788093475600167
139.0	160.0	0.006326475532193759
148.0	160.0	0.0035957035229475798
149.0	160.0	0.003155727881997722
159.0	160.0	0.00588043009191358
117.0	161.0	0.003022639534873389
127.0	161.0	0.005760193889053272
128.0	161.0	0.0010886125889922604
138.0	161.0	0.008645042620352067
139.0	161.0	0.0014397577405982909
140.0	161.0	0.005972096384595227
149.0	161.0	0.004610505390794328
150.0	161.0	0.0031727402010228722
160.0	161.0	0.00776623327279205
118.0	162.0	0.004327199856206665
128.0	162.0	0.007040489772234787
129.0	162.0	0.00039931066337181575
139.0	162.0	0.009568860101825338
140.0	162.0	0.0021570059766318206
141.0	162.0	0.005255307182165353
150.0	162.0	0.004956362160204175
151.0	162.0	0.003030200206217526
161.0	162.0	0.008129102361227047
119.0	163.0	0.0056593057340570685
129.0	163.0	0.007705007371292372
130.0	163.0	0.0013879371111046584
140.0	163.0	0.010261324011296008
141.0	163.0	0.0028490108524988345
142.0	163.0	0.002151850528267502
151.0	163.0	0.0050741178284466615
152.0	163.0	0.0015377182388488786
162.0	163.0	0.008104318034664187
120.0	164.0	0.007390264857646122
130.0	164.0	0.007601064973921487
131.0	164.0	0.00429224586321978
141.0	164.0	0.009031487895707693
142.0	164.0	0.004035476128657063
143.0	164.0	0.0014244041998384216
152.0	164.0	0.004627890998788207
153.0	164.0	0.0003063106861162149
163.0	164.0	0.0061715220559892
121.0	165.0	0.008051533972988911
131.0	165.0	0.007366544638912845
132.0	165.0	0.005759744022826363
142.0	165.0	0.007068886062746555
143.0	165.0	0.004456056008724868
153.0	165.0	0.0034060969780114105
154.0	165.0	0.0017201040880610585
164.0	165.0	0.0030487861896076897
122.0	166.0	0.017773801427065916
133.0	166.0	0.0137599569717832
134.0	166.0	0.012367849476315196
144.0	166.0	0.008863770637034474
145.0	166.0	0.009597424141819707
155.0	166.0	0.0041167856238185085
156.0	166.0	0.005131297108478511
123.0	167.0	0.014986801102985474
134.0	167.0	0.010673311517386782
135.0	167.0	0.015264566206150888
144.0	167.0	0.006695806346211706
145.0	167.0	0.007210103417094304
146.0	167.0	0.0058345839924194174
156.0	167.0	0.0024590487154522254
157.0	167.0	0.006955495782573786
166.0	167.0	0.0033655236529019283
124.0	168.0	0.0066713787258874035
135.0	168.0	0.009560072048274946
136.0	168.0	0.0032354224389176682
145.0	168.0	0.004579298996233872
146.0	168.0	0.0034006875172483417
147.0	168.0	0.00011057640261035881
157.0	168.0	0.0031260254367570356
158.0	168.0	0.0007628863063721998
167.0	168.0	0.001754508569257854
125.0	169.0	0.0033873022141023973
136.0	169.0	0.004419675619369484
137.0	169.0	0.00018450727756897487
146.0	169.0	0.0047245997627588425
147.0	169.0	0.0013354075336367288
148.0	169.0	0.003607687560559847
158.0	169.0	0.0019792468123736584
159.0	169.0	0.0013229609915938467
168.0	169.0	0.0012424003239079686
126.0	170.0	0.0013412777667081988
137.0	170.0	0.003602336006820069
138.0	170.0	0.0025450787502319383
147.0	170.0	0.0051149105193522
148.0	170.0	0.00017181542515562476
149.0	170.0	0.006579615979789677
159.0	170.0	0.002456541994121625
160.0	170.0	0.003423888097791955
169.0	170.0	0.0037795029857154716
127.0	171.0	0.002549530945584605
138.0	171.0	0.0054343796768834
139.0	171.0	0.0017709052028703764
148.0	171.0	0.008151273852270963
149.0	171.0	0.001399842447325661
150.0	171.0	0.0063834031444915396
160.0	171.0	0.004555570329323383
161.0	171.0	0.0032106629434686673
170.0	171.0	0.007979458427115338
128.0	172.0	0.004241737752839786
139.0	172.0	0.006770108082430337
140.0	172.0	0.0006417460427631805
149.0	172.0	0.009940855732626375
150.0	172.0	0.002157610140809174
151.0	172.0	0.005828952225612527
161.0	172.0	0.005330350341832046
162.0	172.0	0.002798752019395001
171.0	172.0	0.008541013285300714
129.0	173.0	0.004813096436186687
140.0	173.0	0.007369413076190323
141.0	173.0	4.290008260685041e-5
150.0	173.0	0.010168769259762678
151.0	173.0	0.0021822068933409766
152.0	173.0	0.0044296291739545635
162.0	173.0	0.0052124070995585026
163.0	173.0	0.002891910935105685
172.0	173.0	0.008011159118953504
130.0	174.0	0.006976365700934103
141.0	174.0	0.008404942136343102
142.0	174.0	0.0034257034683016032
151.0	174.0	0.010630049112290929
152.0	174.0	0.004018213044995389
153.0	174.0	0.00029928819291385854
163.0	174.0	0.005555931283844268
164.0	174.0	0.000594227162331218
173.0	174.0	0.008447842218949952
131.0	175.0	0.008903398591391224
142.0	175.0	0.008580790078038589
143.0	175.0	0.005929219794408941
152.0	175.0	0.009160503069626486
153.0	175.0	0.004897178019029664
154.0	175.0	0.003158916633700908
164.0	175.0	0.004509948197342113
165.0	175.0	0.0014172157814629053
174.0	175.0	0.005091839357053585
132.0	176.0	0.009059732350296223
143.0	176.0	0.0077560443361947284
153.0	176.0	0.0067754905432281
154.0	176.0	0.005020092415530919
165.0	176.0	0.0032999883274698605
175.0	176.0	0.0019242055442712474
133.0	177.0	0.019842833364449697
144.0	177.0	0.014946647029700971
155.0	177.0	0.010199662016485006
156.0	177.0	0.011214173501145008
166.0	177.0	0.0060828763926664975
134.0	178.0	0.015159228477484243
144.0	178.0	0.011655149638203521
145.0	178.0	0.012760551340755233
155.0	178.0	0.006908164624987556
156.0	178.0	0.007922676109647558
157.0	178.0	0.015125098926529858
166.0	178.0	0.0027913790011690476
167.0	178.0	0.006534038095955512
177.0	178.0	0.00329149739149745
135.0	179.0	0.029776852142567253
145.0	179.0	0.010297833933689132
146.0	179.0	0.008352051651904587
156.0	179.0	0.0035161995584407995
157.0	179.0	0.01299465238124874
158.0	179.0	0.0036794839724906044
167.0	179.0	0.0003479542919941016
168.0	179.0	0.002607287018412796
178.0	179.0	0.008296346379675247
136.0	180.0	0.0043980361164671885
146.0	180.0	0.004701645095790803
147.0	180.0	0.0013021073937610832
157.0	180.0	0.005059714510875828
158.0	180.0	0.001948380824098927
159.0	180.0	0.0013663115776215257
168.0	180.0	0.0012083041202982424
169.0	180.0	3.834889116067346e-5
179.0	180.0	0.0007898656666709992
137.0	181.0	0.0016106893345197689
147.0	181.0	0.00316145497134734
148.0	181.0	0.001893546870118081
158.0	181.0	0.0038198701297860295
159.0	181.0	0.00044290363169959945
160.0	181.0	0.0055706535378015586
169.0	181.0	0.0017958151418474284
170.0	181.0	0.0020692520252896937
180.0	181.0	0.0018419792763694656
138.0	182.0	0.0008334220283502669
148.0	182.0	0.00355031620373783
149.0	182.0	0.0032011152012074717
159.0	182.0	0.00583504277270383
160.0	182.0	4.538731920974981e-5
161.0	182.0	0.0078116205920018
170.0	182.0	0.003378500778582205
171.0	182.0	0.004600957648533133
181.0	182.0	0.005524238694912166
139.0	183.0	0.0031365645082321314
149.0	183.0	0.006307312158428169
150.0	183.0	0.0014759334333890317
160.0	183.0	0.00946304004042589
161.0	183.0	0.0016968067676338405
162.0	183.0	0.006432295593593207
171.0	183.0	0.004907469711102508
172.0	183.0	0.003633543574198206
182.0	183.0	0.00950842735963564
140.0	184.0	0.004257954857700974
150.0	184.0	0.007057311041273329
151.0	184.0	0.0009292513251483725
161.0	184.0	0.010230051242296201
162.0	184.0	0.0021009488810691535
163.0	184.0	0.006003369153595034
172.0	184.0	0.0048997009004641545
173.0	184.0	0.003111458218489349
183.0	184.0	0.00853324447466236
141.0	185.0	0.00601361604744266
151.0	185.0	0.008238723023390487
152.0	185.0	0.0016268869560949473
162.0	185.0	0.011268923229608013
163.0	185.0	0.003164605194943826
164.0	185.0	0.002994748353706951
173.0	185.0	0.006056516130049511
174.0	185.0	0.0023913260889004417
184.0	185.0	0.00916797434853886
142.0	186.0	0.010290678808767306
152.0	186.0	0.010935018397488928
153.0	186.0	0.006170780631982861
163.0	186.0	0.012685893056979763
164.0	186.0	0.005710706525719349
165.0	186.0	0.0022276919313930746
174.0	186.0	0.006359806099698562
175.0	186.0	0.0006431126895241244
185.0	186.0	0.009082614573876116
143.0	187.0	0.00976944092089288
153.0	187.0	0.008831232813659865
154.0	187.0	0.007033489000229071
164.0	187.0	0.00838260207477634
165.0	187.0	0.005313384912168012
175.0	187.0	0.003962881326627377
176.0	187.0	0.0020133965846981516
186.0	187.0	0.003822227204507986
144.0	188.0	0.018984974139823058
155.0	188.0	0.014237989126607092
156.0	188.0	0.015252500611267095
166.0	188.0	0.010121203502788584
167.0	188.0	0.014854174769872918
177.0	188.0	0.004038327110122086
178.0	188.0	0.007329824501619536
145.0	189.0	0.012737681223699377
156.0	189.0	0.007902493815200001
157.0	189.0	0.015091643806189308
166.0	189.0	0.0027711967067214904
167.0	189.0	0.00651112902791987
168.0	189.0	0.007354531801136422
178.0	189.0	2.0182294447557148e-5
179.0	189.0	0.008266254996789098
188.0	189.0	0.007350006796067093
146.0	190.0	0.006067752056726215
157.0	190.0	0.007085226911067362
158.0	190.0	0.0031685987813530945
167.0	190.0	0.0010049236313799486
168.0	190.0	0.0024448873843372233
169.0	190.0	0.0011825464639622113
179.0	190.0	0.0010339249801798191
180.0	190.0	0.0012255139785625662
189.0	190.0	0.004870958656575759
147.0	191.0	0.002282426277802056
158.0	191.0	0.0029701151017713172
159.0	191.0	0.0005569940327746798
168.0	191.0	0.0021963154747853438
169.0	191.0	0.0008560690071988651
170.0	191.0	0.0031808421432576394
180.0	191.0	0.0009004980940781602
181.0	191.0	0.00104428214228865
190.0	191.0	0.00040416749648034114
150.0	194.0	0.003474155895311082
161.0	194.0	0.006646896096333954
162.0	194.0	0.0014822062648930934
171.0	194.0	0.009857559039802621
172.0	194.0	0.0013165457545019077
173.0	194.0	0.006694613364451596
183.0	194.0	0.0049500893287001135
184.0	194.0	0.003583155145962247
151.0	195.0	0.004928440056017114
162.0	195.0	0.00795864026223464
163.0	195.0	0.00014567777242954771
172.0	195.0	0.01075739228162964
173.0	195.0	0.002746233162676137
174.0	195.0	0.005701609056273815
184.0	195.0	0.005857691381165486
185.0	195.0	0.0033102829673733736
194.0	195.0	0.009440846527127733
152.0	196.0	0.0091487569101239
163.0	196.0	0.01068647514897278
164.0	196.0	0.004556044617284909
173.0	196.0	0.013578386084078464
174.0	196.0	0.005130543865128512
175.0	196.0	0.0001031210435181673
185.0	196.0	0.0075218699540289535
186.0	196.0	0.0005180731892635405
195.0	196.0	0.010832152921402327
153.0	197.0	0.01077762730508371
164.0	197.0	0.010296233396031612
165.0	197.0	0.007219686143540266
174.0	197.0	0.010848745075409783
175.0	197.0	0.005893117120117074
176.0	197.0	0.0039196978160704055
186.0	197.0	0.005992777331990652
187.0	197.0	0.0019063012313722538
196.0	197.0	0.005718201210281271
154.0	198.0	0.010746257195537096
165.0	198.0	0.009026153107476037
175.0	198.0	0.0077222651771822375
176.0	198.0	0.005726164780006177
187.0	198.0	0.003712768195308025
197.0	198.0	0.001806466963935771
155.0	199.0	0.022148878811434736
166.0	199.0	0.018032093187616227
177.0	199.0	0.01194921679494973
178.0	199.0	0.01524071418644718
188.0	199.0	0.007910889684827643
156.0	200.0	0.017636209979126044
166.0	200.0	0.012504912870647533
167.0	200.0	0.017559940470961894
177.0	200.0	0.006422036477981036
178.0	200.0	0.009713533869478486
179.0	200.0	0.022779024134851715
188.0	200.0	0.0023837093678589494
189.0	200.0	0.009733716163926043
199.0	200.0	0.005527180316968694
157.0	201.0	0.013465564810545007
167.0	201.0	0.005397638657437092
168.0	201.0	0.006360669801446309
178.0	201.0	0.0010011384156934922
179.0	201.0	0.0068036697433816835
180.0	201.0	0.005109253921984592
189.0	201.0	0.000980956121245935
190.0	201.0	0.0038866295846886603
200.0	201.0	0.010714672285171978
158.0	202.0	0.002969587383810504
168.0	202.0	0.0022420012327918275
169.0	202.0	0.0009801689041717572
179.0	202.0	0.0007310444209025966
180.0	202.0	0.0010224404489601524
181.0	202.0	0.0008027785725006382
190.0	202.0	0.00020508823619722215
191.0	202.0	0.0001865214345663757
201.0	202.0	0.004097598896515717
159.0	203.0	0.0006136184124922841
169.0	203.0	0.0021235300572002257
170.0	203.0	0.0021900631670905505
180.0	203.0	0.0021764893144514547
181.0	203.0	0.0001224103733433439
182.0	203.0	0.0060459876423015445
191.0	203.0	0.0013036606377128258
202.0	203.0	0.0010165026095332785
162.0	206.0	0.0035622185473218604
172.0	206.0	0.0063609705667168615
173.0	206.0	0.0016501885522366422
183.0	206.0	0.009994514140915067
184.0	206.0	0.001461269666252707
185.0	206.0	0.007706704682286153
194.0	206.0	0.005044424812214954
195.0	206.0	0.004396421714912779
163.0	207.0	0.008127983296643493
173.0	207.0	0.011019894231749178
174.0	207.0	0.0025720520127992252
184.0	207.0	0.014131352450238527
185.0	207.0	0.004963378101699667
186.0	207.0	0.0034312197187021847
195.0	207.0	0.00827366106907304
196.0	207.0	0.0025584918523292866
206.0	207.0	0.01267008278398582
164.0	208.0	0.011965322175160093
174.0	208.0	0.012547279786475369
175.0	208.0	0.00728482546246887
185.0	208.0	0.015095537953681038
186.0	208.0	0.007578334416821639
187.0	208.0	0.0030179831898641063
196.0	208.0	0.0070800411830893185
197.0	208.0	0.0009865799008914099
207.0	208.0	0.009806435458085539
165.0	209.0	0.012373631758369585
175.0	209.0	0.01111177309102126
176.0	209.0	0.009073643430899725
186.0	209.0	0.011861155910990783
187.0	209.0	0.007060246846201573
197.0	209.0	0.0051539456148293195
198.0	209.0	0.0033474786508935483
208.0	209.0	0.004505596204777905
166.0	210.0	0.022672747377607938
177.0	210.0	0.01658987098494144
178.0	210.0	0.01988136837643889
188.0	210.0	0.012551543874819354
189.0	210.0	0.019901550670886448
199.0	210.0	0.004640654189991711
200.0	210.0	0.010167834506960405
167.0	211.0	0.01625890305110977
178.0	211.0	0.0085673536645966
179.0	211.0	0.021070093195842417
188.0	211.0	0.0012375291629770635
189.0	211.0	0.008587535959044157
190.0	211.0	0.01348802227164013
200.0	211.0	0.0011461802048818859
201.0	211.0	0.009568492080290092
210.0	211.0	0.01131401471184229
168.0	212.0	0.004035442145927392
179.0	212.0	0.0033818227657958114
180.0	212.0	0.0028055439145442
189.0	212.0	0.0032759893378120353
190.0	212.0	0.001583705053117077
191.0	212.0	0.0020884572598479176
201.0	212.0	0.0022950332165661003
202.0	212.0	0.001790771135633418
211.0	212.0	0.011863525296856192
169.0	213.0	0.0012941927674909276
180.0	213.0	0.0013419429768884144
181.0	213.0	0.0006603283011059512
190.0	213.0	6.685645775983274e-6
191.0	213.0	0.0004404988087075557
202.0	213.0	0.00021902437482275054
203.0	213.0	0.000879839404658916
212.0	213.0	0.0017488055763686594
174.0	218.0	0.012108200559023102
185.0	218.0	0.014504757553834537
186.0	218.0	0.007415153505627335
195.0	218.0	0.017822281599211228
196.0	218.0	0.006966433886450935
197.0	218.0	0.0012357243977504425
207.0	218.0	0.009530522311416509
208.0	218.0	0.00032812859380919416
175.0	219.0	0.013003708067324007
186.0	219.0	0.013988636769989142
187.0	219.0	0.008928722183342508
196.0	219.0	0.012740622162251525
197.0	219.0	0.007022420951970254
198.0	219.0	0.005215953988034483
208.0	219.0	0.006496691254588146
209.0	219.0	0.0018684753371409346
218.0	219.0	0.005802057747926372
176.0	220.0	0.013102650905316565
187.0	220.0	0.011089254320618414
197.0	220.0	0.00918295308924616
198.0	220.0	0.007376486125310389
209.0	220.0	0.00402900747441684
219.0	220.0	0.0021605321372759057
177.0	221.0	0.026578238327950282
188.0	221.0	0.022539911217828196
199.0	221.0	0.014629021533000552
200.0	221.0	0.020156201849969246
210.0	221.0	0.009988367343008842
178.0	222.0	0.024149661314470217
188.0	222.0	0.01681983681285068
189.0	222.0	0.024169843608917774
199.0	222.0	0.008908947128023037
200.0	222.0	0.014436127444991731
201.0	222.0	0.02515079973016371
210.0	222.0	0.004268292938031326
211.0	222.0	0.015582307649873617
221.0	222.0	0.005720074404977515
186.0	230.0	0.01739731048346809
196.0	230.0	0.015589834278489695
197.0	230.0	0.00937483940498557
207.0	230.0	0.018370606266285214
208.0	230.0	0.008968911316588188
209.0	230.0	0.0037731222921126425
218.0	230.0	0.008053793630288865
219.0	230.0	0.0017423150129423119
187.0	231.0	0.01341337887085281
197.0	231.0	0.011507077639480556
198.0	231.0	0.009700610675544785
208.0	231.0	0.011275655982195164
209.0	231.0	0.006353132024651237
219.0	231.0	0.004484656687510302
220.0	231.0	0.0023241245502343966
230.0	231.0	0.003131965778749438
188.0	232.0	0.02872558043700557
199.0	232.0	0.020814690752177928
200.0	232.0	0.026341871069146622
210.0	232.0	0.016174036562186217
211.0	232.0	0.027488051274028508
221.0	232.0	0.0061856692191773754
222.0	232.0	0.01190574362415489
196.0	240.0	0.01550263648704106
207.0	240.0	0.018061128339370347
208.0	240.0	0.009439964275257732
218.0	240.0	0.008570113840555458
219.0	240.0	0.0027620143247895357
230.0	240.0	0.001259661349527723
197.0	241.0	0.016302378666807428
208.0	241.0	0.016403312127550487
209.0	241.0	0.01013589881739282
218.0	241.0	0.014865935388024434
219.0	241.0	0.007900346412172242
220.0	241.0	0.005315360290046511
230.0	241.0	0.006615022801978325
231.0	241.0	0.0025346427044138555
240.0	241.0	0.004595712069775671
198.0	242.0	0.013099545979662034
209.0	242.0	0.009720027950400882
219.0	242.0	0.007833669067301794
220.0	242.0	0.005652458050833315
231.0	242.0	0.0033060888461577263
241.0	242.0	0.0013993256338469665
199.0	243.0	0.03181565937905087
210.0	243.0	0.02717500518905916
221.0	243.0	0.017186637846050318
222.0	243.0	0.022906712251027833
232.0	243.0	0.011000968626872942
200.0	244.0	0.03396472063684852
210.0	244.0	0.023796886129888117
211.0	244.0	0.03511090084173041
221.0	244.0	0.013808518786879276
222.0	244.0	0.01952859319185679
232.0	244.0	0.0076228495677019
243.0	244.0	0.003378119059171042
208.0	252.0	0.017944079771770774
218.0	252.0	0.016379085562672858
219.0	252.0	0.009756377152931582
230.0	252.0	0.008726946165029508
231.0	252.0	0.004657692256433535
240.0	252.0	0.006616194592037771
241.0	252.0	0.0027654400881144668
209.0	253.0	0.028607807611868322
219.0	253.0	0.024994737945740853
220.0	253.0	0.02081691821608374
230.0	253.0	0.02589797444056843
231.0	253.0	0.01632275993321171
241.0	253.0	0.01791433776888562
242.0	253.0	0.010176953802009264
252.0	253.0	0.010951033830228838
210.0	254.0	0.03631699653131468
221.0	254.0	0.026328629188305835
222.0	254.0	0.03204870359328335
232.0	254.0	0.02014295996912846
243.0	254.0	0.009141991342255518
244.0	254.0	0.01252011040142656
218.0	262.0	0.016240216237655085
230.0	262.0	0.009577941515573191
240.0	262.0	0.007653361053558128
241.0	262.0	0.004561213564299663
252.0	262.0	0.0020850459109195856
219.0	263.0	0.013432639721902995
230.0	263.0	0.012753635939661235
231.0	263.0	0.00821472791370568
240.0	263.0	0.010219027585244575
241.0	263.0	0.007107827037853134
242.0	263.0	0.004453677833961293
252.0	263.0	0.00400999870835352
253.0	263.0	0.0036665053463108537
262.0	263.0	0.0013143185302626156
220.0	264.0	0.012832022944986136
231.0	264.0	0.009901877926013663
241.0	264.0	0.009118750574358708
242.0	264.0	0.005843074759667568
253.0	264.0	0.0018924404629140233
263.0	264.0	0.0012159708993049727
221.0	265.0	0.03610235963632194
232.0	265.0	0.029916690417144565
243.0	265.0	0.018915721790271622
244.0	265.0	0.022293840849442664
254.0	265.0	0.009773730448016105
222.0	266.0	0.04137598956202182
232.0	266.0	0.02947024593786693
243.0	266.0	0.018469277310993987
244.0	266.0	0.02184739637016503
254.0	266.0	0.009327285968738469
265.0	266.0	0.00044644447927763564
230.0	274.0	0.015307584694072774
240.0	274.0	0.012558801059820546
241.0	274.0	0.010026766068952118
252.0	274.0	0.0067880581196286555
253.0	274.0	0.0018801046146605948
262.0	274.0	0.00372910635567404
263.0	274.0	0.0028952550462243406
231.0	275.0	0.017252812629282514
241.0	275.0	0.019051068674622237
242.0	275.0	0.011616838371399093
252.0	275.0	0.01267525963211136
253.0	275.0	0.015846824579726533
263.0	275.0	0.006240629460613222
264.0	275.0	0.005169593411437957
274.0	275.0	0.00122462292237219
232.0	276.0	0.03948192841916234
243.0	276.0	0.0284809597922894
244.0	276.0	0.03185907885146044
254.0	276.0	0.019338968450033883
265.0	276.0	0.009565238002017779
266.0	276.0	0.010011682481295414
240.0	284.0	0.01395242225610524
252.0	284.0	0.009246559144471873
262.0	284.0	0.006299061202547113
263.0	284.0	0.006014658495083575
274.0	284.0	0.003538130476876439
241.0	285.0	0.012723879867228746
252.0	285.0	0.009474852901129673
253.0	285.0	0.007296051155400092
262.0	285.0	0.006172024533614931
263.0	285.0	0.005827005054090924
264.0	285.0	0.005240053096028399
274.0	285.0	0.0030319833955113726
275.0	285.0	0.0038997177731144965
284.0	285.0	0.0008211789838833245
242.0	286.0	0.008920570761165694
253.0	286.0	0.006685026361748977
263.0	286.0	0.005497752085946659
264.0	286.0	0.0048830998489958035
275.0	286.0	0.003377671112635595
285.0	286.0	0.000281721405109228
243.0	287.0	0.03845515211542158
254.0	287.0	0.029313160773166064
265.0	287.0	0.01953943032514996
266.0	287.0	0.019985874804427595
276.0	287.0	0.00997419232313218
244.0	288.0	0.04193392362323922
254.0	288.0	0.029413813221812662
265.0	288.0	0.019640082773796558
266.0	288.0	0.020086527253074193
276.0	288.0	0.01007484477177878
287.0	288.0	0.00010065244864659872
252.0	296.0	0.011615007342146984
262.0	296.0	0.008382280162797184
263.0	296.0	0.008438490143562332
274.0	296.0	0.0059415434730980135
275.0	296.0	0.008237729715350023
284.0	296.0	0.0020832189602500717
285.0	296.0	0.0031339639675645333
253.0	297.0	0.12953346264628565
263.0	297.0	0.01001887400674471
264.0	297.0	0.009577531393380103
274.0	297.0	0.00408654578040532
275.0	297.0	0.0158427400055941
285.0	297.0	0.0020668015189906483
286.0	297.0	0.0014846669983117895
296.0	297.0	0.007302278050531503
254.0	298.0	0.0393324321639473
265.0	298.0	0.029558701715931196
266.0	298.0	0.03000514619520883
276.0	298.0	0.019993463713913417
287.0	298.0	0.010019271390781237
288.0	298.0	0.009918618942134638
262.0	306.0	0.0142209874971099
274.0	306.0	0.012677669322651961
284.0	306.0	0.007921926294562787
285.0	306.0	0.00961608366048764
296.0	306.0	0.005838707334312715
263.0	307.0	0.011690712733063343
274.0	307.0	0.008962941331292187
275.0	307.0	0.013414213905734485
284.0	307.0	0.004407631905114802
285.0	307.0	0.0058155610983944865
286.0	307.0	0.006056329829951891
296.0	307.0	0.0021804452462369185
297.0	307.0	0.013071140657851164
306.0	307.0	0.004061765163806934
264.0	308.0	0.012148978891574869
275.0	308.0	0.015114607484374704
285.0	308.0	0.004771994233535292
286.0	308.0	0.005078617152646878
297.0	308.0	0.014948323537776708
307.0	308.0	0.002362689456090463
265.0	309.0	0.03914533480357904
276.0	309.0	0.029580096801561262
287.0	309.0	0.01960590447842908
288.0	309.0	0.019505252029782483
298.0	309.0	0.009586633087647844
266.0	310.0	0.0399545199365029
276.0	310.0	0.029942837455207483
287.0	310.0	0.019968645132075302
288.0	310.0	0.019867992683428704
298.0	310.0	0.009949373741294065
309.0	310.0	0.00036274065364622077
274.0	318.0	0.013722239256825454
284.0	318.0	0.008827333686300454
285.0	318.0	0.010621264901480895
296.0	318.0	0.006744114726050382
297.0	318.0	0.020790507503181833
306.0	318.0	0.000905407391737667
307.0	318.0	0.005029743711527856
275.0	319.0	0.029190969684761623
285.0	319.0	0.009458049853969749
286.0	319.0	0.009770859962454201
296.0	319.0	0.004025585087067252
297.0	319.0	0.033456821119722126
307.0	319.0	0.0011914561993750918
308.0	319.0	0.005225522488840648
318.0	319.0	0.005713964430423609
276.0	320.0	0.039172420930665974
287.0	320.0	0.029198228607533794
288.0	320.0	0.029097576158887195
298.0	320.0	0.019178957216752557
309.0	320.0	0.009592324129104712
310.0	320.0	0.009229583475458492
284.0	328.0	0.016631899712739373
296.0	328.0	0.014548680752489301
306.0	328.0	0.008709973418176586
307.0	328.0	0.013373669944961213
318.0	328.0	0.007804566026438919
285.0	329.0	0.011775994000902807
296.0	329.0	0.007784225921358884
297.0	329.0	0.022870729893883595
306.0	329.0	0.0019455185870461689
307.0	329.0	0.006141735212249675
308.0	329.0	0.009631545908103716
318.0	329.0	0.0010401111953085018
319.0	329.0	0.007216046601605239
328.0	329.0	0.006764454831130418
286.0	330.0	0.00966125881864252
297.0	330.0	0.01896343446458474
307.0	330.0	0.0038141940874880983
308.0	330.0	0.006860017563081616
319.0	330.0	0.004077606272242383
329.0	330.0	0.0022667756523217647
287.0	331.0	0.03837510828383128
298.0	331.0	0.028355836893050046
309.0	331.0	0.0187692038054022
310.0	331.0	0.01840646315175598
320.0	331.0	0.009176879676297489
288.0	332.0	0.04286040427811494
298.0	332.0	0.0329417853359803
309.0	332.0	0.023355152248332456
310.0	332.0	0.022992411594686235
320.0	332.0	0.013762828119227744
331.0	332.0	0.004585948442930254
335.0	336.0	0.0067449818299182285
336.0	337.0	0.007917765001014428
337.0	338.0	0.010799497154655202
306.0	339.0	0.018858855383670436
318.0	339.0	0.01795344799193277
328.0	339.0	0.01014888196549385
338.0	339.0	0.01563757166908597
296.0	340.0	0.014012752747785268
306.0	340.0	0.008174045413472553
307.0	340.0	0.012800704872651874
318.0	340.0	0.007268638021734886
319.0	340.0	0.01621100708362044
328.0	340.0	0.0005359280047040338
329.0	340.0	0.006228526826426384
339.0	340.0	0.010684809970197884
297.0	341.0	0.034104450087575525
307.0	341.0	0.008492786018785514
308.0	341.0	0.013328945133756745
318.0	341.0	0.0024301509245955623
319.0	341.0	0.010845206768199441
329.0	341.0	0.0012298660675329344
330.0	341.0	0.003873057327277391
340.0	341.0	0.00595783315663561
298.0	342.0	0.038815047847191864
309.0	342.0	0.02922841475954402
310.0	342.0	0.0288656741058978
320.0	342.0	0.019636090630439307
331.0	342.0	0.010459210954141818
332.0	342.0	0.005873262511211563
335.0	346.0	0.003304637460250041
336.0	346.0	0.0034422406714649935
336.0	347.0	0.00359822366084021
337.0	347.0	0.004324548080058844
346.0	347.0	0.007047503809385973
337.0	348.0	0.004802187995042716
338.0	348.0	0.005982563016602049
347.0	348.0	0.00911266053467656
328.0	349.0	0.01915571288455299
338.0	349.0	0.006631002282581569
339.0	349.0	0.009006727986602209
348.0	349.0	0.012613625975809097
306.0	350.0	0.01574333907882863
318.0	350.0	0.014814221604213836
328.0	350.0	0.006805275859876072
329.0	350.0	0.013746872810817183
339.0	350.0	0.0036093768898061143
340.0	350.0	0.00735523831749452
349.0	350.0	0.012852005868545789
307.0	351.0	0.01305561095288348
318.0	351.0	0.007507066703634879
319.0	351.0	0.01655533514565432
328.0	351.0	0.0002974993228040401
329.0	351.0	0.0064669555083263774
330.0	351.0	0.008830541242690736
340.0	351.0	0.00023842868189999367
341.0	351.0	0.006232979061866523
350.0	351.0	0.0071105658564297874
308.0	352.0	0.014653800750034949
319.0	352.0	0.012795783919362943
329.0	352.0	0.0038636682882102202
330.0	352.0	0.0061882829102736835
341.0	352.0	0.00322879427567807
351.0	352.0	0.002603287220116157
309.0	353.0	0.03611538560497035
320.0	353.0	0.02652306147586564
331.0	353.0	0.01734618179956815
332.0	353.0	0.012760233356637896
342.0	353.0	0.006886970845426332
310.0	354.0	0.040551977274356284
320.0	354.0	0.03107031498141558
331.0	354.0	0.021642795936274557
332.0	354.0	0.016931595854025788
342.0	354.0	0.01089792252118554
353.0	354.0	0.0038228544044830197
332.0	355.0	0.021873106380682295
354.0	355.0	0.0055389098357115805
335.0	356.0	0.011208641245341766
355.0	356.0	0.0060108376179991985
335.0	357.0	0.0011999191935224696
336.0	357.0	0.007944901023440698
346.0	357.0	0.004504894002186498
356.0	357.0	0.010008722051819297
335.0	358.0	0.008901608348610333
336.0	358.0	0.0003536114311097525
337.0	358.0	0.011229254327281458
346.0	358.0	0.004370064377846208
347.0	358.0	0.005295031342659936
357.0	358.0	0.010548094007725826
336.0	359.0	0.008155815410968693
337.0	359.0	0.00029170166467801353
338.0	359.0	0.01181194503537678
347.0	359.0	0.004322532284002339
348.0	359.0	0.0054139562897021695
358.0	359.0	0.011876195121790578
337.0	360.0	0.010070891669321251
338.0	360.0	0.0007268139951174257
339.0	360.0	0.016364385664203396
348.0	360.0	0.005255749021484624
349.0	360.0	0.007357823649225287
359.0	360.0	0.011034661495185796
328.0	361.0	0.015223796750139641
338.0	361.0	0.011093404259610215
339.0	361.0	0.004866026329473613
340.0	361.0	0.015770755445058297
349.0	361.0	0.004326033380834999
350.0	361.0	0.008681799945020479
360.0	361.0	0.01183517783876397
318.0	362.0	0.013536373139668696
328.0	362.0	0.005508142215740628
329.0	362.0	0.012466454218589421
339.0	362.0	0.004931588547335552
340.0	362.0	0.0060594289581153565
341.0	362.0	0.013179298632221777
350.0	362.0	0.001348930203998318
351.0	362.0	0.0058141673368161725
361.0	362.0	0.010044495261002664
319.0	363.0	0.018904314175082846
329.0	363.0	0.007873253793662634
330.0	363.0	0.010307215121643908
340.0	363.0	0.0015178362396812272
341.0	363.0	0.007855431979816066
351.0	363.0	0.0012745501669793008
352.0	363.0	0.003930872883064375
362.0	363.0	0.004624239841946465
320.0	364.0	0.03529991563515672
331.0	364.0	0.02612303595885923
332.0	364.0	0.021537087515928977
342.0	364.0	0.015663825004717413
353.0	364.0	0.008776854159291081
354.0	364.0	0.005193713607938148
332.0	365.0	0.024882605369221877
342.0	365.0	0.019009342858010314
354.0	365.0	0.008630604402010677
355.0	365.0	0.003009498988539583
364.0	365.0	0.003345517853292901
355.0	366.0	0.0001752985942605756
356.0	366.0	0.006186136212259774
365.0	366.0	0.0028342003942790073
335.0	367.0	0.00673536743543296
346.0	367.0	0.010041898494463845
356.0	367.0	0.0044732738099088065
357.0	367.0	0.00553544824191049
366.0	367.0	0.01065941002216858
335.0	368.0	0.0027821642383777556
336.0	368.0	0.004425314556253549
346.0	368.0	0.0007483012982159306
347.0	368.0	0.00827900341261986
357.0	368.0	0.004064360745449613
358.0	368.0	0.0058435183806614535
367.0	368.0	0.009979369388672698
336.0	369.0	0.004133721441197063
337.0	369.0	0.005638139023707249
346.0	369.0	0.008386754272776594
347.0	369.0	0.0003031308902098908
348.0	369.0	0.011537345080788623
358.0	369.0	0.006694464015815037
359.0	369.0	0.005745799720045527
368.0	369.0	0.010044506385316536
337.0	370.0	0.0043999397676304924
338.0	370.0	0.006383822198805955
347.0	370.0	0.008710699093618284
348.0	370.0	0.0004012591822039058
349.0	370.0	0.013014889227682316
359.0	370.0	0.004984833901067921
360.0	370.0	0.005657008203688529
369.0	370.0	0.011041772594625998
338.0	371.0	0.004154649607928465
339.0	371.0	0.01154378075475817
348.0	371.0	0.010160495713316852
349.0	371.0	0.002502117336922233
350.0	371.0	0.015471080733991697
360.0	371.0	0.004884292235980055
361.0	371.0	0.006896968005503056
370.0	371.0	0.010563316526069347
328.0	372.0	0.0118248623376408
339.0	372.0	0.001354202684261362
340.0	372.0	0.012377782329719712
349.0	372.0	0.007938078985169409
350.0	372.0	0.005117729438798536
351.0	372.0	0.012131794092959563
361.0	372.0	0.0036406075841096024
362.0	372.0	0.006486854007378545
371.0	372.0	0.010551613716384703
329.0	373.0	0.012032630628084809
340.0	373.0	0.005693515925052476
341.0	373.0	0.012668551887951072
350.0	373.0	0.0016439822487542626
351.0	373.0	0.005450853927251617
352.0	373.0	0.00810036267195792
362.0	373.0	0.0003104905740953486
363.0	373.0	0.0042662647947658465
372.0	373.0	0.006727304674863999
330.0	374.0	0.011910638951831514
341.0	374.0	0.009734976790192397
351.0	374.0	0.003034668830273035
352.0	374.0	0.005637956050389192
363.0	374.0	0.0018219424856024248
373.0	374.0	0.0023623043653875613
331.0	375.0	0.03292631871856333
342.0	375.0	0.022467107764421512
353.0	375.0	0.01558013691899518
354.0	375.0	0.012182807945989572
364.0	375.0	0.006803282759704099
332.0	376.0	0.03664063903156454
342.0	376.0	0.02915759266594434
353.0	376.0	0.020382993870705267
354.0	376.0	0.016190244842001697
355.0	376.0	0.008772402443408949
364.0	376.0	0.009200519650816634
365.0	376.0	0.004938039442344447
375.0	376.0	0.0005325467427252942
354.0	377.0	0.010423021418335236
355.0	377.0	0.004754262930123598
356.0	377.0	0.010765100548122797
365.0	377.0	0.0017447639415840155
366.0	377.0	0.004578964335863023
376.0	377.0	0.002715058697483757
355.0	378.0	0.003882809828361089
356.0	378.0	0.0021280277896381095
357.0	378.0	0.012136749841457406
366.0	378.0	0.004058108422621665
367.0	378.0	0.006601301599546916
377.0	378.0	0.008637072758484687
335.0	379.0	0.002589464002859365
346.0	379.0	0.005894829471777955
356.0	379.0	0.008619177242482401
357.0	379.0	0.0013895448093368956
358.0	379.0	0.01245477706907043
367.0	379.0	0.004145903432573594
368.0	379.0	0.0055491853157786765
378.0	379.0	0.01074720503212051
336.0	380.0	0.0008944760018331424
346.0	380.0	0.0031397326339589796
347.0	380.0	0.005114701558200415
357.0	380.0	0.008416953114639152
358.0	380.0	0.0008685315465880713
359.0	380.0	0.01064231666054994
368.0	380.0	0.004281153727146582
369.0	380.0	0.006200095880061329
379.0	380.0	0.01004550052613342
337.0	381.0	0.0006711084899097872
347.0	381.0	0.0039001201290214415
348.0	381.0	0.005744405430708991
358.0	381.0	0.011185304013947885
359.0	381.0	0.00040930607019108777
360.0	381.0	0.011312473334497915
369.0	381.0	0.005200997016481563
370.0	381.0	0.005319301727241233
380.0	381.0	0.010072982688769815
338.0	382.0	0.0018119864186491585
348.0	382.0	0.004170576597952891
349.0	382.0	0.00844300707884263
359.0	382.0	0.009874135323776427
360.0	382.0	0.0010851724235317328
361.0	382.0	0.01294268572662741
370.0	382.0	0.004571835780156797
371.0	382.0	0.005973687960765023
381.0	382.0	0.01016281536627228
339.0	383.0	0.007414265660051822
349.0	383.0	0.0015923871292445812
350.0	383.0	0.011217801394679691
360.0	383.0	0.008950120004151574
361.0	383.0	0.0027008427902725984
362.0	383.0	0.012558333794746246
371.0	383.0	0.004100660069666171
372.0	383.0	0.0062951376637780145
382.0	383.0	0.010035292427683307
340.0	384.0	0.010419784250403836
350.0	384.0	0.0032380774570637924
351.0	384.0	0.010178098003314304
361.0	384.0	0.0053534825209894995
362.0	384.0	0.004577972360081721
363.0	384.0	0.009096019330656412
372.0	384.0	0.001797523076490557
373.0	384.0	0.004834656573922578
383.0	384.0	0.007926572530192763
341.0	385.0	0.015446596543361134
351.0	385.0	0.006869660093987967
352.0	385.0	0.009861716422995695
362.0	385.0	0.00038574101364181667
363.0	385.0	0.005561644333504055
373.0	385.0	0.00072869115775273
374.0	385.0	0.0033818005870159427
384.0	385.0	0.00474423457011449
342.0	386.0	0.028794939148720722
353.0	386.0	0.02190796830329439
354.0	386.0	0.01868346535833462
364.0	386.0	0.013131114144003309
365.0	386.0	0.009785596290710408
375.0	386.0	0.0063278313842992095
376.0	386.0	0.007529659833627749
354.0	387.0	0.015778800321658636
355.0	387.0	0.009958557879627338
364.0	387.0	0.010295102679923436
365.0	387.0	0.0069443484338781725
366.0	387.0	0.009782984908624883
376.0	387.0	0.0039036090274764557
377.0	387.0	0.005196853593922385
386.0	387.0	0.0028565642376561424
355.0	388.0	0.0018324044335392697
356.0	388.0	0.007843242051538468
365.0	388.0	0.0011770945550003131
366.0	388.0	0.0016571058392786941
367.0	388.0	0.012316515861447275
377.0	388.0	0.0029218584965843286
378.0	388.0	0.005715214261900359
387.0	388.0	0.008123285373127185
356.0	389.0	0.0024087912265284284
357.0	389.0	0.007599930825290868
366.0	389.0	0.008594927438788202
367.0	389.0	0.002064482583380378
368.0	389.0	0.012185411571855292
378.0	389.0	0.004536819016166538
379.0	389.0	0.0062103860159539725
388.0	389.0	0.010252033278066897
346.0	390.0	0.001891735038538515
357.0	390.0	0.0027306570053647664
358.0	390.0	0.00714789785063553
367.0	390.0	0.00841140869611267
368.0	390.0	0.0012554127799819905
369.0	390.0	0.011007530908755976
379.0	390.0	0.004156676846946041
380.0	390.0	0.005462224908032896
389.0	390.0	0.010530083176214029
347.0	391.0	0.0007329654474610136
358.0	391.0	0.0050756159157556505
359.0	391.0	0.005619712304077381
368.0	391.0	0.008464832508016664
369.0	391.0	0.0005826107693097002
370.0	391.0	0.010393507488159032
380.0	391.0	0.004908013538924485
381.0	391.0	0.005134515849075715
390.0	391.0	0.009398141628599137
348.0	392.0	0.001171195812042447
359.0	392.0	0.0041614333152455085
360.0	392.0	0.006426944833527071
369.0	392.0	0.010090867477038272
370.0	392.0	0.0007699366298385413
371.0	392.0	0.011336249614593345
381.0	392.0	0.004503612199634299
382.0	392.0	0.005341772409995338
391.0	392.0	0.009537994046637719
349.0	393.0	0.0043084806838870485
360.0	393.0	0.0030493120384655903
361.0	393.0	0.008723103608047187
370.0	393.0	0.00870632024215412
371.0	393.0	0.0018231128084486377
372.0	393.0	0.01238303503993414
382.0	393.0	0.004134484461997323
383.0	393.0	0.0059008079656859835
392.0	393.0	0.009476256871992661
350.0	394.0	0.008380554252506613
361.0	394.0	0.00012090799025307107
362.0	394.0	0.009714254689612555
371.0	394.0	0.006876263991226997
372.0	394.0	0.0034426326506728664
373.0	394.0	0.009912976302963837
383.0	394.0	0.002764843633766667
384.0	394.0	0.005123953833861883
393.0	394.0	0.00866565159945265
351.0	395.0	0.009328346886256927
362.0	395.0	0.003765586697946551
363.0	395.0	0.008240749776396413
372.0	395.0	0.002541770864579678
373.0	395.0	0.004028104201328366
374.0	395.0	0.006285208065765949
384.0	395.0	0.0007507377435102445
385.0	395.0	0.003834185714425378
394.0	395.0	0.005809589957075942
352.0	396.0	0.010596134895036888
363.0	396.0	0.006527629081878116
373.0	396.0	0.0019331302038786897
374.0	396.0	0.004433404844362729
385.0	396.0	0.0014186243486681773
395.0	396.0	0.0024250786842087983
353.0	397.0	0.029161025425699982
364.0	397.0	0.0203841712664089
375.0	397.0	0.013580888506704802
376.0	397.0	0.01677068432995267
386.0	397.0	0.007253057122405593
354.0	398.0	0.0322958932397627
364.0	398.0	0.02428376888890216
365.0	398.0	0.019751545227364678
375.0	398.0	0.015067258784401632
376.0	398.0	0.020465232797913166
377.0	398.0	0.017387887113252037
386.0	398.0	0.006494849852877845
387.0	398.0	0.010380609671184414
397.0	398.0	0.0033309763869355546
355.0	399.0	0.008803238393255308
365.0	399.0	0.005793739404715725
366.0	399.0	0.008627939798994733
376.0	399.0	0.002443687581272812
377.0	399.0	0.00404897546313171
378.0	399.0	0.012686048221616397
387.0	399.0	0.0011415406886668002
388.0	399.0	0.0069708339597160385
398.0	399.0	0.011902678782670876
356.0	400.0	0.0037852613565229065
366.0	400.0	0.0024008748557368675
367.0	400.0	0.008258535166431713
377.0	400.0	0.00697983919159989
378.0	400.0	0.001657233566884797
379.0	400.0	0.012404438599005307
388.0	400.0	0.004057980695015562
389.0	400.0	0.006194052583051335
399.0	400.0	0.0110288146547316
357.0	401.0	0.002739383322513944
367.0	401.0	0.002796064919396546
368.0	401.0	0.006991580967127402
378.0	401.0	0.009397366518943462
379.0	401.0	0.0013498385131770485
380.0	401.0	0.011627512132955075
389.0	401.0	0.004860547502776924
390.0	401.0	0.005541948116923738
400.0	401.0	0.011054600085828259
358.0	402.0	0.0015749845872223896
368.0	402.0	0.002923425326567457
369.0	402.0	0.00586959271645279
379.0	402.0	0.007928931386820659
380.0	402.0	0.0007527878340652295
381.0	402.0	0.009187322884030296
390.0	402.0	0.003980386027290102
391.0	402.0	0.004821365237321311
401.0	402.0	0.009278769899997708
359.0	403.0	0.0008009894534071847
369.0	403.0	0.004360007810922583
370.0	403.0	0.005410145937577049
380.0	403.0	0.00895464338196772
381.0	403.0	0.00041233801177497254
382.0	403.0	0.009981981717733845
391.0	403.0	0.004382035386669726
392.0	403.0	0.004640209307738508
402.0	403.0	0.008282786588237445
360.0	404.0	0.0023250244446708646
370.0	404.0	0.003331983759017665
371.0	404.0	0.00721836526909461
381.0	404.0	0.008849286083170682
382.0	404.0	0.0012398520211391317
383.0	404.0	0.011275144448822438
392.0	404.0	0.004101920388856206
393.0	404.0	0.005374336483136455
403.0	404.0	0.008742129696594714
361.0	405.0	0.00518365621638725
371.0	405.0	0.0016584505274244913
372.0	405.0	0.008805011247751099
382.0	405.0	0.007602550690744836
383.0	405.0	0.0024327417369384707
384.0	405.0	0.01039255194111507
393.0	405.0	0.003468066228747513
394.0	405.0	0.005197585370705138
404.0	405.0	0.008842402711883968
362.0	406.0	0.007684838341450264
372.0	406.0	0.0014072039256556148
373.0	406.0	0.007905070529503865
383.0	406.0	0.0047377208509827295
384.0	406.0	0.00312412190593391
385.0	406.0	0.00821301452651572
394.0	406.0	0.0019728772172160625
395.0	406.0	0.0038312062903375055
405.0	406.0	0.0071704625879212
363.0	407.0	0.011524984715180485
373.0	407.0	0.005736537418992303
374.0	407.0	0.008771040068808356
384.0	407.0	0.0008163928841515587
385.0	407.0	0.00577640000114732
395.0	407.0	0.00020846215537038398
396.0	407.0	0.0036548224357084223
406.0	407.0	0.005012211779325638
364.0	408.0	0.02515095463883962
375.0	408.0	0.018261353806342216
376.0	408.0	0.022806557264577365
386.0	408.0	0.011853236738006931
387.0	408.0	0.014764890088563258
397.0	408.0	0.004508154936519351
398.0	408.0	0.009523364674390054
365.0	409.0	0.013930831679757005
376.0	409.0	0.012811049615445392
377.0	409.0	0.01218606773817299
386.0	409.0	0.004145235389046598
387.0	409.0	0.007008287734523379
388.0	409.0	0.015107926234757318
398.0	409.0	0.0008792367440170279
399.0	409.0	0.00813709227504128
408.0	409.0	0.007655407808063224
366.0	410.0	0.0045935602687959265
377.0	410.0	1.4595932932903732e-5
378.0	410.0	0.008651668691417591
387.0	410.0	0.005182234815486699
388.0	410.0	0.0029364544295172323
389.0	410.0	0.013188487707584129
399.0	410.0	0.004034379530198806
400.0	410.0	0.006994435124532794
409.0	410.0	0.012171471805240086
367.0	411.0	0.0032719415656791706
378.0	411.0	0.0033293600338677454
379.0	411.0	0.007417844998252765
388.0	411.0	0.009044574295768104
389.0	411.0	0.0012074589822987924
390.0	411.0	0.011769237505807257
400.0	411.0	0.004986593600752542
401.0	411.0	0.0060680064850757165
410.0	411.0	0.011981028725285336
368.0	412.0	0.002202570587555193
379.0	412.0	0.003131865687959867
380.0	412.0	0.006374951922732343
389.0	412.0	0.00934225170391384
390.0	412.0	0.000942600854441972
391.0	412.0	0.010151614541211232
401.0	412.0	0.004481704201136916
402.0	412.0	0.004797065698860792
411.0	412.0	0.010549710686212632
369.0	413.0	0.0009987832241349689
380.0	413.0	0.0038693914960602955
381.0	413.0	0.00500912653155819
390.0	413.0	0.008027747123187214
391.0	413.0	0.0004391793444337707
392.0	413.0	0.008979159044393559
402.0	413.0	0.003943836851582394
403.0	413.0	0.004338949736655051
412.0	413.0	0.008740902550443186
370.0	414.0	0.0016002979800196953
381.0	414.0	0.004087181671295362
382.0	414.0	0.006552922366398624
391.0	414.0	0.009569606745362436
392.0	414.0	0.0007662332602291723
393.0	414.0	0.011031768404672211
403.0	414.0	0.004260459490887109
404.0	414.0	0.005209802960831464
413.0	414.0	0.00896080073461683
371.0	415.0	0.003486765399682181
382.0	415.0	0.0024772814151429734
383.0	415.0	0.007558011012540333
392.0	415.0	0.007819053825138311
393.0	415.0	0.0016572030468543497
394.0	415.0	0.010322854646307
404.0	415.0	0.003717133436282105
405.0	415.0	0.0051252692756018625
414.0	415.0	0.009236536769569424
372.0	416.0	0.0058965026932374836
383.0	416.0	0.0003863843728344474
384.0	416.0	0.00753490912686292
393.0	416.0	0.006287192338520431
394.0	416.0	0.0023784592609322197
395.0	416.0	0.008194687677688805
405.0	416.0	0.002819126109772918
406.0	416.0	0.004351336478148282
415.0	416.0	0.00794439538537478
373.0	417.0	0.0068135403143962875
384.0	417.0	0.0020369807644904335
385.0	417.0	0.00698036341904492
394.0	417.0	0.003045365339792605
395.0	417.0	0.0027557247722983466
396.0	417.0	0.005421540980023894
406.0	417.0	0.0010724881225765426
407.0	417.0	0.0035469067711135366
416.0	417.0	0.005423824600724825
374.0	418.0	0.006906425176947839
385.0	418.0	0.004556014726571723
395.0	418.0	0.0006404934661851603
396.0	418.0	0.003115861875758463
407.0	418.0	0.0006649799556479613
417.0	418.0	0.0021093439675695658
375.0	419.0	0.0361897748832003
386.0	419.0	0.02986194349890109
397.0	419.0	0.022608886376495496
398.0	419.0	0.03395957688766472
408.0	419.0	0.01838758641410436
376.0	420.0	0.04179955693672947
386.0	420.0	0.019866215936051847
387.0	420.0	0.024119541831600075
397.0	420.0	0.009190843670217946
398.0	420.0	0.02084198543272262
399.0	420.0	0.025741608556121537
408.0	420.0	0.0026882448691653697
409.0	420.0	0.01376507400916952
419.0	420.0	0.02408592149401112
377.0	421.0	0.00925544508180176
387.0	421.0	0.00407307807789967
388.0	421.0	0.01217730357838609
398.0	421.0	0.004849395603928707
399.0	421.0	0.005206469618670051
400.0	421.0	0.01623528427340165
409.0	421.0	0.002930622656371229
410.0	421.0	0.009240849148868857
420.0	421.0	0.01807849486046892
378.0	422.0	0.0035886740804537687
388.0	422.0	0.00212654018144659
389.0	422.0	0.008125493096620306
399.0	422.0	0.009097374141162629
400.0	422.0	0.0019314405135689716
401.0	422.0	0.01298604059939723
410.0	422.0	0.005062994610963822
411.0	422.0	0.006918034114321514
421.0	422.0	0.01430384375983268
379.0	423.0	0.0022459812831191472
389.0	423.0	0.003964404732834825
390.0	423.0	0.006461614299863798
400.0	423.0	0.01015845731588616
401.0	423.0	0.0008961427699420987
402.0	423.0	0.010174912669939806
411.0	423.0	0.005171863715133618
412.0	423.0	0.0053778469710790144
422.0	423.0	0.012089897829455132
380.0	424.0	0.0014243359532926725
390.0	424.0	0.004043018537426268
391.0	424.0	0.006054687218061327
401.0	424.0	0.010034618062994233
402.0	424.0	0.00046131606344014477
403.0	424.0	0.009830616450280846
412.0	424.0	0.004965015887676911
413.0	424.0	0.0049224948884073845
423.0	424.0	0.011048314445441978
381.0	425.0	0.000956783248262831
391.0	425.0	0.004198729934439362
392.0	425.0	0.005458824801060938
402.0	425.0	0.008402326447298705
403.0	425.0	0.0004817557408875454
404.0	425.0	0.009858527422368021
413.0	425.0	0.004172183565673217
414.0	425.0	0.00512260611331215
424.0	425.0	0.010095465191729361
382.0	426.0	0.0026102570205592643
392.0	426.0	0.0032294483533451567
393.0	426.0	0.007130137179787383
403.0	426.0	0.008302194466552464
404.0	426.0	0.0012548322748054922
405.0	426.0	0.010921478973978679
414.0	426.0	0.004370015310285127
415.0	426.0	0.0053184580599024206
425.0	426.0	0.009495819910579947
383.0	427.0	0.0041567378965730595
393.0	427.0	0.001744070069112924
394.0	427.0	0.0069215815303397266
404.0	427.0	0.007118406552249379
405.0	427.0	0.0017239961596345887
406.0	427.0	0.008894458747555789
415.0	427.0	0.0034012731159672738
416.0	427.0	0.004543122269407507
426.0	427.0	0.009036780625698154
384.0	428.0	0.005365877473282443
394.0	428.0	0.00023866287454132884
395.0	428.0	0.006048918957750241
405.0	428.0	0.004958922496163809
406.0	428.0	0.0022115400917573913
407.0	428.0	0.008033765775213995
416.0	428.0	0.002139796386390891
417.0	428.0	0.003284028214333934
427.0	428.0	0.006682918655798398
385.0	429.0	0.0067130128457712785
395.0	429.0	0.0025224628227894204
396.0	429.0	0.0051672769658479565
406.0	429.0	0.0013051008324197477
407.0	429.0	0.003229095728238597
417.0	429.0	0.00023261270984320515
418.0	429.0	0.0018767312577263606
428.0	429.0	0.003516640924177139
386.0	430.0	0.02954260016335694
397.0	430.0	0.02205317774339909
398.0	430.0	0.03370491600159659
408.0	430.0	0.017685226038792044
409.0	430.0	0.02526227831633534
419.0	430.0	0.0012924953515130336
420.0	430.0	0.023327183966157555
387.0	431.0	0.013104346080965341
398.0	431.0	0.00736627989226454
399.0	431.0	0.014223624003474489
408.0	431.0	0.0014916519354410572
409.0	431.0	0.006086531728433209
410.0	431.0	0.018258003533673295
420.0	431.0	0.00480664573371653
421.0	431.0	0.009017154384804438
430.0	431.0	0.018977396449639986
388.0	432.0	0.005430854270913388
399.0	432.0	0.0015399796888026507
400.0	432.0	0.00948883496592895
409.0	432.0	0.00967707196384393
410.0	432.0	0.0024943998413961554
411.0	432.0	0.014475428566681492
421.0	432.0	0.006746449307472702
422.0	432.0	0.007557394452359978
431.0	432.0	0.01576360369227714
389.0	433.0	0.00224943478311479
400.0	433.0	0.003944617799936545
401.0	433.0	0.007109982285891714
410.0	433.0	0.010939052924469339
411.0	433.0	0.0010419758008159974
412.0	433.0	0.01159168648702863
422.0	433.0	0.005876058313505517
423.0	433.0	0.006213839515949615
432.0	433.0	0.013433452765865495
390.0	434.0	0.001669868300774641
401.0	434.0	0.004555401950891226
402.0	434.0	0.006057097498131534
411.0	434.0	0.011495623141153578
412.0	434.0	0.0005705020081303528
413.0	434.0	0.0105678211032577
423.0	434.0	0.005580356201805305
424.0	434.0	0.006445559471975307
433.0	434.0	0.012687372449653787
391.0	435.0	0.0008382280388686432
402.0	435.0	0.003606416443575681
403.0	435.0	0.004717029145491973
412.0	435.0	0.00842703024380969
413.0	435.0	0.00035678013243211574
414.0	435.0	0.009395125671588183
424.0	435.0	0.004546004418213402
425.0	435.0	0.004576976148014849
434.0	435.0	0.01021884373133884
392.0	436.0	0.0015344452873510951
403.0	436.0	0.0038899021472324487
404.0	436.0	0.0063295396166200835
413.0	436.0	0.008962080859852303
414.0	436.0	0.0007774751027979042
415.0	436.0	0.010674822745438333
425.0	436.0	0.004794274443446635
426.0	436.0	0.005539929723704379
435.0	436.0	0.009430969319615408
393.0	437.0	0.0027437016127778127
404.0	437.0	0.002636784283502756
405.0	437.0	0.006215736065717956
414.0	437.0	0.00807293575842079
415.0	437.0	0.0010846023641819518
416.0	437.0	0.009038087870645755
426.0	437.0	0.0041392815220925895
427.0	437.0	0.004489767278452454
436.0	437.0	0.009420971915257453
394.0	438.0	0.003915393346177798
405.0	438.0	0.00128219202452734
406.0	438.0	0.00588827056339386
415.0	438.0	0.0064074613001292025
416.0	438.0	0.0015369340852455782
417.0	438.0	0.006960758685970403
427.0	438.0	0.0030061881841619287
428.0	438.0	0.003676730471636469
437.0	438.0	0.007499395197582852
395.0	439.0	0.00460320531874313
406.0	439.0	0.0007698503179442984
407.0	439.0	0.006064032776417333
416.0	439.0	0.003581486160203984
417.0	439.0	0.001842338440520841
418.0	439.0	0.003951682408090407
428.0	439.0	0.001441689773813093
429.0	439.0	0.002074951150364046
438.0	439.0	0.005118420245449562
396.0	440.0	0.005124342432277202
407.0	440.0	0.0031754307653310706
417.0	440.0	0.0002718912457072564
418.0	440.0	0.0018374527218623093
429.0	440.0	3.927853586405128e-5
439.0	440.0	0.0021142296862280974
397.0	441.0	0.03211974031147535
408.0	441.0	0.028019111297401783
419.0	441.0	0.009510853934979857
420.0	441.0	0.03808441959052225
430.0	441.0	0.011113292498352221
398.0	442.0	0.055031257430702404
408.0	442.0	0.023081526086419342
409.0	442.0	0.03412663359918519
419.0	442.0	0.004942361801039191
420.0	442.0	0.03882982298915981
421.0	442.0	0.038578855189618316
430.0	442.0	0.0031938987884765993
431.0	442.0	0.024879933784975484
441.0	442.0	0.019391314872740734
399.0	443.0	0.008721996912953
409.0	443.0	0.0005849046379117206
410.0	443.0	0.012756376443151807
420.0	443.0	0.012904185332251248
421.0	443.0	0.0035155272942829496
422.0	443.0	0.01781937105411563
431.0	443.0	0.005501627090521488
432.0	443.0	0.010261976601755651
442.0	443.0	0.03323804255127474
400.0	444.0	0.003326285799783113
410.0	444.0	0.003668149324749681
411.0	444.0	0.008312879400535655
421.0	444.0	0.012908998473618538
422.0	444.0	0.0013948452862141414
423.0	444.0	0.013484743115669273
432.0	444.0	0.0061625491661458365
433.0	444.0	0.007270903599719658
443.0	444.0	0.016424525767901488
401.0	445.0	0.001432006000465058
411.0	445.0	0.004636000484610658
412.0	445.0	0.005913710201601974
422.0	445.0	0.011554034598932172
423.0	445.0	0.0005358632305229594
424.0	445.0	0.01165447078178444
433.0	445.0	0.005677976285426656
434.0	445.0	0.006193244364780213
444.0	445.0	0.012948879885146314
402.0	446.0	0.0008395150187379285
412.0	446.0	0.005091380701550773
413.0	446.0	0.005715513508840256
423.0	446.0	0.011740330619563073
424.0	446.0	0.0003914241383282231
425.0	446.0	0.011485834607978753
434.0	446.0	0.006758164078158226
435.0	446.0	0.00530862112331882
445.0	446.0	0.012402849988710643
403.0	447.0	0.0010925259883863864
413.0	447.0	0.004943194218624518
414.0	447.0	0.007349437404071943
424.0	447.0	0.013111691801507754
425.0	447.0	0.0005163484023349557
426.0	447.0	0.01322527004292164
435.0	447.0	0.005474269234893512
436.0	447.0	0.007161475291300833
446.0	447.0	0.015494289955482467
404.0	448.0	0.002069427448516965
414.0	448.0	0.0038777317257860573
415.0	448.0	0.006397744991464448
425.0	448.0	0.009371706821251737
426.0	448.0	0.0008136432847475762
427.0	448.0	0.010358267353266344
436.0	448.0	0.00509263106964933
437.0	448.0	0.005143096524577986
447.0	448.0	0.013416442160015005
405.0	449.0	0.0026842990975476377
415.0	449.0	0.0024409701780542248
416.0	449.0	0.005503425207320556
426.0	449.0	0.00798696311257952
427.0	449.0	0.000960302937913049
428.0	449.0	0.007643221593711447
437.0	449.0	0.0035283655445248157
438.0	449.0	0.003966491122074978
448.0	449.0	0.009240068040822396
406.0	450.0	0.003558739398798527
416.0	450.0	0.000792597079349755
417.0	450.0	0.00463122752137507
427.0	450.0	0.005335719348757262
428.0	450.0	0.0013471993070411359
429.0	450.0	0.004863840231218275
438.0	450.0	0.002329531164595333
439.0	450.0	0.002788889080854229
449.0	450.0	0.006296022286670311
407.0	451.0	0.00512943035976775
417.0	451.0	0.001158282912442743
418.0	451.0	0.0032676268800123087
428.0	451.0	0.002125745301891191
429.0	451.0	0.001390895622285948
439.0	451.0	0.000684055528078098
440.0	451.0	0.0014301741581499994
450.0	451.0	0.003472944608932327
408.0	452.0	0.026153877184860848
419.0	452.0	0.007652401148029605
420.0	452.0	0.03538566288238336
430.0	452.0	0.009195704526133464
431.0	452.0	0.027300192995390698
441.0	452.0	0.0018669875102402937
442.0	452.0	0.01658010102856323
409.0	453.0	0.009745590249083447
420.0	453.0	0.0005789194412420389
421.0	453.0	0.012676212905454676
430.0	453.0	0.015199095181911015
431.0	453.0	0.003659058520650238
432.0	453.0	0.019422662212927377
442.0	453.0	0.019321067545106464
443.0	453.0	0.009160685611171726
452.0	453.0	0.0236378509575937
410.0	454.0	0.0038927126222328967
421.0	454.0	0.00534813652663596
422.0	454.0	0.008955707233196719
431.0	454.0	0.014365290911440398
432.0	454.0	0.0013983127808367413
433.0	454.0	0.014831765546702236
443.0	454.0	0.00886366382091891
444.0	454.0	0.007560861946982578
453.0	454.0	0.018024349432090636
411.0	455.0	0.0014978130261955047
422.0	455.0	0.005420221088126009
423.0	455.0	0.0066696767413291225
432.0	455.0	0.012977615540485987
433.0	455.0	0.0004558372253795073
434.0	455.0	0.013208731676719572
444.0	455.0	0.006815066374340151
445.0	455.0	0.006133813510806163
454.0	455.0	0.014375928321322728
412.0	456.0	0.0007338550412183937
423.0	456.0	0.005540937179553044
424.0	456.0	0.0067713742860101055
433.0	456.0	0.01279115312386797
434.0	456.0	0.00017795217252445346
435.0	456.0	0.010578652547001513
445.0	456.0	0.006166174462868355
446.0	456.0	0.007128885127619262
455.0	456.0	0.013323017249257071
413.0	457.0	0.0006589696057310607
424.0	457.0	0.005411346124920436
425.0	457.0	0.005886930094565958
434.0	457.0	0.012524454881854235
435.0	457.0	0.00022748470649002733
436.0	457.0	0.012146137300518878
446.0	457.0	0.006489400429303235
447.0	457.0	0.007593860079883896
456.0	457.0	0.01303594203910802
414.0	458.0	0.00119555160228144
425.0	458.0	0.004355332576988104
426.0	458.0	0.00594004372820425
435.0	458.0	0.009004460455158425
436.0	458.0	0.00046164816819876925
437.0	458.0	0.009765323181932349
447.0	458.0	0.006545470227271881
448.0	458.0	0.005526199545152408
457.0	458.0	0.011595239688289329
415.0	459.0	0.001618569753391974
426.0	459.0	0.0035490134333893055
427.0	459.0	0.005019842869359248
436.0	459.0	0.008782734671983471
437.0	459.0	0.000535819386037427
438.0	459.0	0.008026031053521177
448.0	459.0	0.004513044326777581
449.0	459.0	0.004059539931446199
458.0	459.0	0.00912934269721644
416.0	460.0	0.0022349318244171412
427.0	460.0	0.0023081904449903656
428.0	460.0	0.004374728210808032
437.0	460.0	0.006800598796755978
438.0	460.0	0.000697997739171563
439.0	460.0	0.005816417984621125
449.0	460.0	0.0032684933829034146
450.0	460.0	0.003027528903766896
459.0	460.0	0.0073280333143496135
417.0	461.0	0.002750591106750966
428.0	461.0	0.000533437107582968
429.0	461.0	0.002983203816594171
438.0	461.0	0.004210167579219437
439.0	461.0	0.0009082526662301249
440.0	461.0	0.0030224823524582223
450.0	461.0	0.001880636414624104
451.0	461.0	0.001592308194308223
460.0	461.0	0.004908165318391
418.0	462.0	0.002840937965849999
429.0	462.0	0.0009642067081236383
439.0	462.0	0.0011107444422404078
440.0	462.0	0.0010034852439876896
451.0	462.0	0.0004266889141623098
461.0	462.0	0.0020189971084705327
419.0	463.0	0.1541652916239198
430.0	463.0	0.1604817822938142
441.0	463.0	0.14465443768893993
442.0	463.0	0.23915130656956352
452.0	463.0	0.14665123326970594
420.0	464.0	0.03351046680474088
430.0	464.0	0.006862497979852918
431.0	464.0	0.02573914133118625
441.0	464.0	0.004548717673226575
442.0	464.0	0.013520267431486765
443.0	464.0	0.0314572818294235
452.0	464.0	0.002612430056991392
453.0	464.0	0.021936082641803693
463.0	464.0	0.15489594855405672
421.0	465.0	0.005849594951659931
431.0	465.0	0.0031675594331445067
432.0	465.0	0.012596044259132633
442.0	465.0	0.02969211131542848
443.0	465.0	0.0023340676573769814
444.0	465.0	0.01875859342527847
453.0	465.0	0.006826617953794745
454.0	465.0	0.011197731478295891
464.0	465.0	0.02903135826578044
422.0	466.0	0.0021718235150886556
432.0	466.0	0.005385570937271322
433.0	466.0	0.008047881828594172
443.0	466.0	0.015647547539026974
444.0	466.0	0.0007769782288745142
445.0	466.0	0.013725858114020828
454.0	466.0	0.0067838837181080636
455.0	466.0	0.007592044603214665
465.0	466.0	0.017981615196403955
423.0	467.0	0.0007776902435266408
433.0	467.0	0.005436149272422974
434.0	467.0	0.006469831570834436
444.0	467.0	0.012707052872142632
445.0	467.0	0.00024182701300368148
446.0	467.0	0.012701835011328603
455.0	467.0	0.005891986497802482
456.0	467.0	0.00644833464111966
466.0	467.0	0.013484031101017147
424.0	468.0	0.000504162498215978
434.0	468.0	0.005556202454742086
435.0	468.0	0.004757193448172874
445.0	468.0	0.010620070861211904
446.0	468.0	0.00018902024877176036
447.0	468.0	0.012788336456066127
456.0	468.0	0.0058429554431845
457.0	468.0	0.005617104581016862
467.0	468.0	0.010879701263571826
425.0	469.0	0.0005608366861234136
435.0	469.0	0.0038764085158567315
436.0	469.0	0.005191508612959887
446.0	469.0	0.010287866993712631
447.0	469.0	0.00024625369326065173
448.0	469.0	0.00956206122454828
457.0	469.0	0.004969626580722577
458.0	469.0	0.00477049162035664
468.0	469.0	0.009043112790465869
426.0	470.0	0.0010308373824532964
436.0	470.0	0.0038854460103232365
437.0	470.0	0.0047299545194864935
447.0	470.0	0.010344925923416261
448.0	470.0	0.0003651235160866814
449.0	470.0	0.008248881544344333
458.0	470.0	0.004252885645078485
459.0	470.0	0.004189341612898134
469.0	470.0	0.0078458630435089
427.0	471.0	0.0014442024352001037
437.0	471.0	0.003043912360668566
438.0	471.0	0.004450390619362032
448.0	471.0	0.00867660409231644
449.0	471.0	0.0004838994972870547
450.0	471.0	0.0067799217839573656
459.0	471.0	0.003575640434159144
460.0	471.0	0.0037523928801904693
470.0	471.0	0.007764982047057278
428.0	472.0	0.0019767893727942742
438.0	472.0	0.0016999410988421948
439.0	472.0	0.003418479146607367
449.0	472.0	0.0056664322209171725
450.0	472.0	0.0006295900657531384
451.0	472.0	0.004102534674685465
460.0	472.0	0.002397938838013758
461.0	472.0	0.0025102264803772423
471.0	472.0	0.006150331718204227
429.0	473.0	0.0022164061612116592
439.0	473.0	0.00014145501084761314
440.0	473.0	0.0022556846970757105
450.0	473.0	0.0026474340700066157
451.0	473.0	0.0008255105389257111
461.0	473.0	0.0007667976553825118
462.0	473.0	0.001252199453088021
472.0	473.0	0.003277024135759754
