1.0	2.0	0.08154899796351783
2.0	3.0	0.10629548683232365
3.0	4.0	0.025226112802212097
4.0	5.0	0.014191867803960506
5.0	6.0	0.010104592151079839
6.0	7.0	0.007792763485810483
7.0	8.0	0.0063617343145862815
8.0	9.0	0.005269893854230379
9.0	10.0	0.003744960520722318
10.0	11.0	0.0019316093351433583
1.0	12.0	0.009735909671812676
2.0	12.0	0.09128490763533051
2.0	13.0	0.10187611408949829
3.0	13.0	0.0044193727428253615
12.0	13.0	0.010591206454167779
3.0	14.0	0.018410019836010025
4.0	14.0	0.0068160929662020725
13.0	14.0	0.022829392578835386
4.0	15.0	0.008762224762022097
5.0	15.0	0.005429643041938409
14.0	15.0	0.01557831772822417
5.0	16.0	0.00581717192289663
6.0	16.0	0.0042874202281832086
15.0	16.0	0.011246814964835039
6.0	17.0	0.004401223564769269
7.0	17.0	0.0033915399210412145
16.0	17.0	0.008688643792952477
7.0	18.0	0.0034460114796883434
8.0	18.0	0.002915722834897938
17.0	18.0	0.006837551400729558
8.0	19.0	0.0029677866897600547
9.0	19.0	0.002302107164470324
18.0	19.0	0.005883509524657993
9.0	20.0	0.002327331236443325
10.0	20.0	0.0014176292842789928
19.0	20.0	0.004629438400913649
10.0	21.0	0.0014978574545448653
11.0	21.0	0.000433751880598493
20.0	21.0	0.002915486738823858
11.0	22.0	0.000739515598046192
21.0	22.0	0.001173267478644685
1.0	23.0	0.009722231533891346
2.0	23.0	0.09127122949740918
12.0	23.0	1.3678137921330213e-5
1.0	24.0	0.01786456637872738
2.0	24.0	0.09941356434224521
3.0	24.0	0.006881922490078435
12.0	24.0	0.008128656706914705
13.0	24.0	0.0024625497472530733
23.0	24.0	0.008142334844836036
2.0	25.0	0.11242399031232986
3.0	25.0	0.006128503480006209
4.0	25.0	0.01909760932220589
13.0	25.0	0.01054787622283157
14.0	25.0	0.012281516356003816
24.0	25.0	0.013010425970084644
3.0	26.0	0.027178971872552055
4.0	26.0	0.0019528590703399573
5.0	26.0	0.012239008733620549
14.0	26.0	0.00876895203654203
15.0	26.0	0.00680936569168214
25.0	26.0	0.021050468392545846
4.0	27.0	0.014989378019329036
5.0	27.0	0.0007975102153685298
6.0	27.0	0.009307081935711309
15.0	27.0	0.006227153257306939
16.0	27.0	0.0050196617075281
26.0	27.0	0.013036518948989079
5.0	28.0	0.010612361001461207
6.0	28.0	0.0005077688503813682
7.0	28.0	0.007284994635429115
16.0	28.0	0.004795189078564577
17.0	28.0	0.0038934547143879006
27.0	28.0	0.009814850786092677
6.0	29.0	0.008129345414687655
7.0	29.0	0.0003365819288771721
8.0	29.0	0.006025152385709109
17.0	29.0	0.0037281218499183866
18.0	29.0	0.0031094295508111713
28.0	29.0	0.007621576564306287
7.0	30.0	0.006548644647957014
8.0	30.0	0.00018691033337073226
9.0	30.0	0.005082983520859646
18.0	30.0	0.0031026331682686703
19.0	30.0	0.0027808763563893224
29.0	30.0	0.006212062719079842
8.0	31.0	0.005621302468181072
9.0	31.0	0.00035140861395069334
10.0	31.0	0.0033935519067716247
19.0	31.0	0.0026535157784210173
20.0	31.0	0.001975922622492632
30.0	31.0	0.00543439213481034
9.0	32.0	0.004164118712033649
10.0	32.0	0.0004191581913113307
11.0	32.0	0.0015124511438320276
20.0	32.0	0.0018367874755903235
21.0	32.0	0.0010786992632335346
31.0	32.0	0.0038127100980829554
10.0	33.0	0.0023833113976004516
11.0	33.0	0.0004517020624570933
21.0	33.0	0.0008854539430555863
22.0	33.0	0.0002878135355890987
32.0	33.0	0.001964153206289121
1.0	34.0	0.01806098941664515
2.0	34.0	0.09960998738016298
12.0	34.0	0.008325079744832473
13.0	34.0	0.002266126709335306
23.0	34.0	0.008338757882753803
24.0	34.0	0.00019642303791776727
2.0	35.0	0.10873716050210756
3.0	35.0	0.002441673669783914
12.0	35.0	0.017452252866777054
13.0	35.0	0.006861046412609276
14.0	35.0	0.01596834616622611
24.0	35.0	0.009323596159862349
25.0	35.0	0.0036868298102222946
34.0	35.0	0.009127173121944582
3.0	36.0	0.02134239410418723
4.0	36.0	0.0038837186980248684
13.0	36.0	0.02576176684701259
14.0	36.0	0.002932374268177204
15.0	36.0	0.012645943460046966
25.0	36.0	0.01521389062418102
26.0	36.0	0.005836577768364826
35.0	36.0	0.018900720434403315
4.0	37.0	0.010036332495457684
5.0	37.0	0.004155535308502822
14.0	37.0	0.016852425461659756
15.0	37.0	0.0012741077334355866
16.0	37.0	0.009972707231399452
26.0	37.0	0.008083473425117726
27.0	37.0	0.004953045523871352
36.0	37.0	0.013920051193482552
5.0	38.0	0.006463987186755449
6.0	38.0	0.00364060496432439
15.0	38.0	0.011893630228693858
16.0	38.0	0.0006468152638588187
17.0	38.0	0.008041828529093659
27.0	38.0	0.005666476971386919
28.0	38.0	0.004148373814705758
37.0	38.0	0.010619522495258271
6.0	39.0	0.005135787385920322
7.0	39.0	0.003038602306770391
16.0	39.0	0.009633170603736464
17.0	39.0	0.0005190276692181564
18.0	39.0	0.006653371415540353
28.0	39.0	0.004603152144983688
29.0	39.0	0.0033916672823941646
38.0	39.0	0.008954679586321394
7.0	40.0	0.003822918397283133
8.0	40.0	0.0027303794022061336
17.0	40.0	0.007316583803975739
18.0	40.0	0.00027314119343506855
19.0	40.0	0.0057875315908421186
29.0	40.0	0.003476201369380645
30.0	40.0	0.002922917948428003
39.0	40.0	0.007150778830152198
8.0	41.0	0.003319362656463265
9.0	41.0	0.0019505311977671136
18.0	41.0	0.006235085491361203
19.0	41.0	0.00035157596670321034
20.0	41.0	0.004277862434210439
30.0	41.0	0.0031324523230925327
31.0	41.0	0.002301939811717807
40.0	41.0	0.006149694154542217
9.0	42.0	0.002957136516360495
10.0	42.0	0.0009602048547632252
19.0	42.0	0.005365209868866899
20.0	42.0	0.0005226780257087684
21.0	42.0	0.002527008814983062
31.0	42.0	0.00258955253410458
32.0	42.0	0.0013986569331719356
41.0	42.0	0.004997450830597074
10.0	43.0	0.002014038805739693
11.0	43.0	8.242947059633465e-5
20.0	43.0	0.0034316680900186858
21.0	43.0	0.0005161813511948277
22.0	43.0	0.0006570861274498574
32.0	43.0	0.0015948806144283623
33.0	43.0	0.00036927259186075867
42.0	43.0	0.003066950037553822
11.0	44.0	0.001300795211465422
21.0	44.0	0.001734547092063915
22.0	44.0	0.0005612796134192299
33.0	44.0	0.0008490931490083287
43.0	44.0	0.0012183657408690873
1.0	45.0	0.026165300962441046
12.0	45.0	0.01642939129062837
23.0	45.0	0.0164430694285497
24.0	45.0	0.008300734583713665
34.0	45.0	0.008104311545795898
2.0	46.0	0.10753856144507457
12.0	46.0	0.016253653809744056
13.0	46.0	0.005662447355576278
23.0	46.0	0.016267331947665387
24.0	46.0	0.008124997102829351
25.0	46.0	0.004885428867255293
34.0	46.0	0.007928574064911584
35.0	46.0	0.001198599057032998
45.0	46.0	0.00017573748088431373
3.0	47.0	0.016869106300475667
13.0	47.0	0.02128847904330103
14.0	47.0	0.0015409135355343578
24.0	47.0	0.023751028790554102
25.0	47.0	0.010740602820469458
26.0	47.0	0.010309865572076388
35.0	47.0	0.014427432630691753
36.0	47.0	0.004473287803711562
46.0	47.0	0.01562603168772475
4.0	48.0	0.005090871637535743
14.0	48.0	0.011906964603737816
15.0	48.0	0.003671353124486354
25.0	48.0	0.02418848095974163
26.0	48.0	0.003138012567195786
27.0	48.0	0.009898506381793293
36.0	48.0	0.008974590335560612
37.0	48.0	0.004945460857921941
47.0	48.0	0.013447878139272174
5.0	49.0	0.0022204324104606044
15.0	49.0	0.007650075452399013
16.0	49.0	0.0035967395124360257
26.0	49.0	0.014459441144081153
27.0	49.0	0.0014229221950920745
28.0	49.0	0.008391928591000603
37.0	49.0	0.006375967718963427
38.0	49.0	0.0042435547762948445
48.0	49.0	0.011321428576885367
6.0	50.0	0.001372810577729533
16.0	50.0	0.0056602308059127415
17.0	50.0	0.003028412987039736
27.0	50.0	0.010679892513440842
28.0	50.0	0.0008650417273481648
29.0	50.0	0.006756534836958122
38.0	50.0	0.005013415542053923
39.0	50.0	0.0036957477058963428
49.0	50.0	0.009256970318348767
7.0	51.0	0.000992009580659062
17.0	51.0	0.004950842200445318
18.0	51.0	0.003030405891826345
28.0	51.0	0.009495543393951362
29.0	51.0	0.0005991286032001697
30.0	51.0	0.0066520071938101135
39.0	51.0	0.004625338229082002
40.0	51.0	0.0034579021413739136
50.0	51.0	0.008485808734348472
8.0	52.0	0.0006677329353940442
18.0	52.0	0.0035834557702919823
19.0	52.0	0.0023000537543660105
29.0	52.0	0.006692885321103154
30.0	52.0	0.00048082260202331195
31.0	52.0	0.004953569532787028
40.0	52.0	0.003418219000620559
41.0	52.0	0.002651629721069221
51.0	52.0	0.0072132555486978285
9.0	53.0	0.0010605601378169606
19.0	53.0	0.0033745118595602014
20.0	53.0	0.0012787454361153166
30.0	53.0	0.00616969608561802
31.0	53.0	0.0007073434935893218
32.0	53.0	0.0031249833555375248
41.0	53.0	0.003021127001534438
42.0	53.0	0.001863414761017388
52.0	53.0	0.005686399606211556
10.0	54.0	0.001270371382196518
20.0	54.0	0.002724530986503258
21.0	54.0	0.00026608375989421376
31.0	54.0	0.0047513703659719094
32.0	54.0	0.0008404120716922791
33.0	54.0	0.0011743546102106447
42.0	54.0	0.0023165423951705994
43.0	54.0	0.0007955663811464616
53.0	54.0	0.004050782928285035
11.0	55.0	0.0013033700170086704
21.0	55.0	0.0017371218976071634
22.0	55.0	0.0005638544189624783
32.0	55.0	0.002815821160840698
33.0	55.0	0.0008516679545515771
43.0	55.0	0.0012209405464123357
44.0	55.0	2.574805543248404e-6
54.0	55.0	0.0020479688544461075
12.0	56.0	0.023854254571999786
23.0	56.0	0.023867932709921116
24.0	56.0	0.01572559786508508
34.0	56.0	0.015529174827167314
35.0	56.0	0.006402001705222732
45.0	56.0	0.007424863281371416
46.0	56.0	0.00760060076225573
13.0	57.0	0.019825615797262996
24.0	57.0	0.02228816554451607
25.0	57.0	0.009277739574431426
34.0	57.0	0.022091742506598303
35.0	57.0	0.01296456938465372
36.0	57.0	0.005936151049749594
46.0	57.0	0.014163168441686719
47.0	57.0	0.001462863246038032
56.0	57.0	0.006562567679430989
14.0	58.0	0.008175061408066689
25.0	58.0	0.020456577764070505
26.0	58.0	0.0005938906284753409
35.0	58.0	0.0241434075742928
36.0	58.0	0.005242687139889485
37.0	58.0	0.008677364053593067
47.0	58.0	0.009715974943601047
48.0	58.0	0.003731903195671127
57.0	58.0	0.011178838189639079
15.0	59.0	0.003745780087852313
26.0	59.0	0.010555145779534453
27.0	59.0	0.002481373169454626
36.0	59.0	0.01639172354789928
37.0	59.0	0.0024716723544167263
38.0	59.0	0.008147850140841545
48.0	59.0	0.007417133212338667
49.0	59.0	0.0039042953645467005
58.0	59.0	0.011149036408009794
16.0	60.0	0.0019416255658867287
27.0	60.0	0.006961287273414829
28.0	60.0	0.002853563512677848
37.0	60.0	0.011914332797286181
38.0	60.0	0.00129481030202791
39.0	60.0	0.0075964600014258475
49.0	60.0	0.0055383650783227545
50.0	60.0	0.0037186052400260128
59.0	60.0	0.009442660442869455
17.0	61.0	0.0013098967429144705
28.0	61.0	0.005308530386648772
29.0	61.0	0.0025189376857834506
38.0	61.0	0.009568969590158722
39.0	61.0	0.0008421100633909472
40.0	61.0	0.00616991492924042
50.0	61.0	0.004420120167974327
51.0	61.0	0.0035717256669772074
60.0	61.0	0.008239180902284761
18.0	62.0	0.0010832217556824896
29.0	62.0	0.004610866367963851
30.0	62.0	0.002436712367627413
39.0	62.0	0.008742093396832634
40.0	62.0	0.000809238571919764
41.0	62.0	0.005990476291271509
51.0	62.0	0.004810627185069279
52.0	62.0	0.002982205112767162
61.0	62.0	0.007620847413841604
19.0	63.0	0.001043398877080215
30.0	63.0	0.0038242752334695373
31.0	63.0	0.0016101169013408023
40.0	63.0	0.006862349121257017
41.0	63.0	0.0006918229103770046
42.0	63.0	0.004273783252977767
52.0	63.0	0.0033434526314462254
53.0	63.0	0.002325744597398349
62.0	63.0	0.006775348668202379
20.0	64.0	0.001640519529251281
31.0	64.0	0.003723423707828342
32.0	64.0	0.00029571636607885724
41.0	64.0	0.006149996488604221
42.0	64.0	0.001167966409377392
43.0	64.0	0.0019769479377553306
53.0	64.0	0.0029977752603562143
54.0	64.0	0.0011909122502755667
63.0	64.0	0.005420716498357548
21.0	65.0	0.001804812388314784
32.0	65.0	0.0029709480692626973
33.0	65.0	0.0008475859656898941
42.0	65.0	0.004637030406152212
43.0	65.0	0.0012467907858304994
44.0	65.0	7.033235617760637e-5
54.0	65.0	0.002143448748032985
55.0	65.0	7.31158684296532e-5
64.0	65.0	0.003466703349231892
22.0	66.0	0.0017325487073480972
33.0	66.0	0.002020362242937196
43.0	66.0	0.0023896348347979546
44.0	66.0	0.0011712690939288672
55.0	66.0	0.0011686942883856188
65.0	66.0	0.001336541325605892
23.0	67.0	0.027920356079652833
34.0	67.0	0.01958159819689903
45.0	67.0	0.011477286651103133
46.0	67.0	0.011653024131987447
56.0	67.0	0.004052423369731717
24.0	68.0	0.023483680980828495
34.0	68.0	0.023287257942910727
35.0	68.0	0.014160084820966146
45.0	68.0	0.01518294639711483
46.0	68.0	0.015358683877999144
47.0	68.0	0.0002673478097256071
56.0	68.0	0.007758083115743414
57.0	68.0	0.0011955154363124249
67.0	68.0	0.003705659746011697
25.0	69.0	0.018376168849080055
35.0	69.0	0.02206299865930235
36.0	69.0	0.0031622782248990344
46.0	69.0	0.023261597716335347
47.0	69.0	0.007635566028610596
48.0	69.0	0.005812312110661577
57.0	69.0	0.009098429274648628
58.0	69.0	0.0020804089149904503
68.0	69.0	0.007902913838336204
26.0	70.0	0.007370619050674904
36.0	70.0	0.01320719681903973
37.0	70.0	0.0007128543744428228
47.0	70.0	0.01768048462275129
48.0	70.0	0.004232606483479118
49.0	70.0	0.00708882209340625
58.0	70.0	0.007964509679150245
59.0	70.0	0.003184526728859549
69.0	70.0	0.010044918594140695
27.0	71.0	0.0035113121334464092
37.0	71.0	0.008464357657317761
38.0	71.0	0.0021551648379405097
48.0	71.0	0.013409818515239702
49.0	71.0	0.0020883899383543347
50.0	71.0	0.0071685803799944325
59.0	71.0	0.005992685302901035
60.0	71.0	0.0034499751399684198
70.0	71.0	0.009177212031760584
28.0	72.0	0.0020517420678284604
38.0	72.0	0.006200115882534218
39.0	72.0	0.0024509324296213713
49.0	72.0	0.010443670658829063
50.0	72.0	0.0011867003404802956
51.0	72.0	0.007100612591245853
60.0	72.0	0.004905305580506308
61.0	72.0	0.00320136195590624
71.0	72.0	0.008355280720474728
29.0	73.0	0.0017570392456770462
39.0	73.0	0.006158703100239815
40.0	73.0	0.0025551492653186764
50.0	73.0	0.010203866635477702
51.0	73.0	0.0013587791185749785
52.0	73.0	0.0066102153324908725
61.0	73.0	0.004987313859857787
62.0	73.0	0.0039023190731953816
72.0	73.0	0.00872028767357782
30.0	74.0	0.0011563901222792494
40.0	74.0	0.004114129097612336
41.0	74.0	0.0019760622008132833
51.0	74.0	0.00800182321952632
52.0	74.0	0.0006755675202559375
53.0	74.0	0.005007356227703278
62.0	74.0	0.0037486357664031095
63.0	74.0	0.002667885111190288
73.0	74.0	0.00745479060242712
31.0	75.0	0.0019723705123672886
41.0	75.0	0.0042743103240850955
42.0	75.0	0.000526393639764457
52.0	75.0	0.006925940045154316
53.0	75.0	0.0012751750500502304
54.0	75.0	0.0027281746295286986
63.0	75.0	0.003582487413708091
64.0	75.0	0.0016442639597965976
74.0	75.0	0.006250372524898379
32.0	76.0	0.002274765602227755
42.0	76.0	0.003793547933721458
43.0	76.0	0.0006642555055850102
53.0	76.0	0.0054423514032288
54.0	76.0	0.0014851102271868093
55.0	76.0	0.0005686499919229344
64.0	76.0	0.0026979731168016757
65.0	76.0	0.0005413408306179379
75.0	76.0	0.0041331401145474275
33.0	77.0	0.00237172496369753
43.0	77.0	0.002740997555558289
44.0	77.0	0.0015226318146892015
54.0	77.0	0.0036071956025501293
55.0	77.0	0.001520057009145953
65.0	77.0	0.0017163845493838776
66.0	77.0	0.00035136272076033426
76.0	77.0	0.002103603228268821
34.0	78.0	0.026615278546748708
45.0	78.0	0.01851096700095281
46.0	78.0	0.018686704481837124
56.0	78.0	0.011086103719581394
57.0	78.0	0.0045235360401504054
67.0	78.0	0.0070336803498496775
68.0	78.0	0.0033280206038379806
35.0	79.0	0.022425110604136142
46.0	79.0	0.02362370966116914
47.0	79.0	0.00799767797344439
56.0	79.0	0.01602310889891341
57.0	79.0	0.009460541219482421
58.0	79.0	0.0017182969701566575
68.0	79.0	0.008265025783169996
69.0	79.0	0.00036211194483379283
78.0	79.0	0.004937005179332016
36.0	80.0	0.011295817944214692
47.0	80.0	0.015769105747926254
48.0	80.0	0.0023212276086540806
57.0	80.0	0.017231968993964286
58.0	80.0	0.0060531308043252074
59.0	80.0	0.005095905603684586
69.0	80.0	0.008133539719315658
70.0	80.0	0.001911378874825037
79.0	80.0	0.007771427774481865
37.0	81.0	0.005574928508094379
48.0	81.0	0.01052038936601632
49.0	81.0	0.0008010392108690478
58.0	81.0	0.014252292561687446
59.0	81.0	0.0031032561536776526
60.0	81.0	0.006339404289191802
70.0	81.0	0.006287782882537202
71.0	81.0	0.0028894291492233826
80.0	81.0	0.008199161757362239
38.0	82.0	0.0029742036898103286
49.0	82.0	0.007217758466105173
50.0	82.0	0.0020392118522435942
59.0	82.0	0.011122053830651873
60.0	82.0	0.0016793933877824185
61.0	82.0	0.0065144198882074655
71.0	82.0	0.005129368527750838
72.0	82.0	0.00322591219272389
81.0	82.0	0.00801879767697422
39.0	83.0	0.001986292902721629
50.0	83.0	0.005416771189575564
51.0	83.0	0.002162990492944214
60.0	83.0	0.009135376429601577
61.0	83.0	0.0011429812696785058
62.0	83.0	0.00613082684148111
72.0	83.0	0.004230070849095269
73.0	83.0	0.0034319735937792407
82.0	83.0	0.007455983041819159
40.0	84.0	0.0014281310427312597
51.0	84.0	0.004976006354369672
52.0	84.0	0.0019464276340195772
61.0	84.0	0.007435055028905662
62.0	84.0	0.0007873235096259208
63.0	84.0	0.0053043217583946855
73.0	84.0	0.0042099478486892225
74.0	84.0	0.002624913156903995
83.0	84.0	0.006120917038597707
41.0	85.0	0.002141297806423026
52.0	85.0	0.004792927527492247
53.0	85.0	0.0008688120170677548
62.0	85.0	0.008419776439958752
63.0	85.0	0.0014494748960460213
64.0	85.0	0.003892763286349588
74.0	85.0	0.004117360007236309
75.0	85.0	0.0021330125176620696
84.0	85.0	0.00676005742250572
42.0	86.0	0.0032277116445032185
53.0	86.0	0.004993725760741817
54.0	86.0	0.0007970544978899038
63.0	86.0	0.007434899042261713
64.0	86.0	0.0020619921096974563
65.0	86.0	0.0013935449970671793
75.0	86.0	0.0036130414985488914
76.0	86.0	0.0007613530715530293
85.0	86.0	0.005888574958978491
43.0	87.0	0.002971319000069722
54.0	87.0	0.0038434521079202515
55.0	87.0	0.0017503784536573863
64.0	87.0	0.005109141825653244
65.0	87.0	0.001965375221470857
66.0	87.0	0.0005816841652717675
76.0	87.0	0.002336181772708622
77.0	87.0	0.00023032144451143322
86.0	87.0	0.003221561765579678
44.0	88.0	0.003037937448842315
55.0	88.0	0.0030353626432990666
65.0	88.0	0.0033545167218583384
66.0	88.0	0.0018666683549134477
77.0	88.0	0.0015153056341531135
87.0	88.0	0.0012849841896416803
45.0	89.0	0.023022481961470442
56.0	89.0	0.015597618680099026
67.0	89.0	0.01154519531036731
68.0	89.0	0.007839535564355612
78.0	89.0	0.004511514960517632
46.0	90.0	0.02554227955963201
56.0	90.0	0.01794167879737628
57.0	90.0	0.01137911111794529
67.0	90.0	0.013889255427644562
68.0	90.0	0.010183595681632865
69.0	90.0	0.0022806818432966613
78.0	90.0	0.006855575077794884
79.0	90.0	0.0019185698984628685
89.0	90.0	0.0023440601172772524
47.0	91.0	0.01586213796205163
57.0	91.0	0.017325001208089663
58.0	91.0	0.0061461630184505844
68.0	91.0	0.01612948577177724
69.0	91.0	0.008226571933441035
70.0	91.0	0.0018183466606996601
79.0	91.0	0.007864459988607242
80.0	91.0	9.303221412537699e-5
90.0	91.0	0.005945890090144373
48.0	92.0	0.008553089422560861
58.0	92.0	0.012284992618231988
59.0	92.0	0.0011359562102221943
69.0	92.0	0.014365401533222438
70.0	92.0	0.004320482939081743
71.0	92.0	0.004856729092678841
80.0	92.0	0.0062318618139067805
81.0	92.0	0.0019672999434554583
91.0	92.0	0.0061388295997814035
49.0	93.0	0.0044670468270119335
59.0	93.0	0.008371342191558634
60.0	93.0	0.001071318251310821
70.0	93.0	0.011555868920418183
71.0	93.0	0.0023786568886575987
72.0	93.0	0.005976623831817129
81.0	93.0	0.005268086037880981
82.0	93.0	0.0027507116390932396
92.0	93.0	0.00723538598133644
50.0	94.0	0.0025807963593473537
60.0	94.0	0.0062994015993733665
61.0	94.0	0.0017696054176735236
71.0	94.0	0.009749376739341786
72.0	94.0	0.0013940960188670581
73.0	94.0	0.006977428542331205
82.0	94.0	0.004620008211590948
83.0	94.0	0.0028359748302282106
93.0	94.0	0.0073707198506841876
51.0	95.0	0.0024831928396050035
61.0	95.0	0.005230903488863268
62.0	95.0	0.0016150732033223475
72.0	95.0	0.008210465517478033
73.0	95.0	0.0015442024370467843
74.0	95.0	0.004727821820358885
83.0	95.0	0.003980394668382764
84.0	95.0	0.002123329711070629
94.0	95.0	0.006816369498610975
52.0	96.0	0.002265678918626113
62.0	96.0	0.005552615504720189
63.0	96.0	0.0010777737128201126
73.0	96.0	0.00944270257752979
74.0	96.0	0.0015901113983701753
75.0	96.0	0.0046602611265282035
84.0	96.0	0.004221892779546206
85.0	96.0	0.002527248608866134
95.0	96.0	0.0063179332187290604
53.0	97.0	0.003194597071167303
63.0	97.0	0.005493405422147513
64.0	97.0	0.00036701062988242624
74.0	97.0	0.008162824552885755
75.0	97.0	0.0019088580975010257
76.0	97.0	0.0022079645987272264
85.0	97.0	0.004043097085854955
86.0	97.0	0.0015787778607451745
96.0	97.0	0.00657179884903882
54.0	98.0	0.0037128622203463028
64.0	98.0	0.005014076893593074
65.0	98.0	0.001767748762483972
75.0	98.0	0.006354605777161235
76.0	98.0	0.0021629689677464758
77.0	98.0	3.011497473892998e-6
86.0	98.0	0.0030660579380596504
87.0	98.0	0.00024009763210586308
97.0	98.0	0.004393411339825486
55.0	99.0	0.0037105931212366716
65.0	99.0	0.004084479539137173
66.0	99.0	0.0025418988328510528
76.0	99.0	0.004315606116552161
77.0	99.0	0.0021905361120907185
87.0	99.0	0.0019602146675792853
88.0	99.0	0.000675230477937605
98.0	99.0	0.002257885075090553
56.0	100.0	0.021382841462147237
67.0	100.0	0.01733041809241552
68.0	100.0	0.013624758346403823
78.0	100.0	0.010296737742565842
79.0	100.0	0.005359732563233827
89.0	100.0	0.0057852227820482105
90.0	100.0	0.003441162664770958
57.0	101.0	0.018381613152559734
68.0	101.0	0.01718609771624731
69.0	101.0	0.009283183877911105
78.0	101.0	0.013858077112409328
79.0	101.0	0.008921071933077312
80.0	101.0	0.0011496441585954476
90.0	101.0	0.007002502034614444
91.0	101.0	0.0010566119444700706
100.0	101.0	0.003561339369843486
58.0	102.0	0.01185796993711119
69.0	102.0	0.01393837885210164
70.0	102.0	0.0038934602579609456
79.0	102.0	0.013576266907267848
80.0	102.0	0.005804839132785983
81.0	102.0	0.002394322624576256
91.0	102.0	0.005711806918660606
92.0	102.0	0.0004270226811207978
101.0	102.0	0.004655194974190535
59.0	103.0	0.006309450915871336
70.0	103.0	0.009500162420194925
71.0	103.0	0.0003051270191757457
80.0	103.0	0.011415253447617197
81.0	103.0	0.0032001678250215236
82.0	103.0	0.004834203426096135
92.0	103.0	0.005171288527244816
93.0	103.0	0.002078149538278795
102.0	103.0	0.005599140543342409
60.0	104.0	0.003526492486599919
71.0	104.0	0.006976467626568339
72.0	104.0	0.0013788130939063892
81.0	104.0	0.009865896775791722
82.0	104.0	0.0018470990988175007
83.0	104.0	0.005608883943001658
93.0	104.0	0.00459781073791074
94.0	104.0	0.0027729091127734473
103.0	104.0	0.006684889837616176
61.0	105.0	0.0024965157720115063
72.0	105.0	0.005548002362389282
73.0	105.0	0.0017843331578149947
82.0	105.0	0.008773914555113171
83.0	105.0	0.0013179315132940128
84.0	105.0	0.004797292937213473
94.0	105.0	0.004153906343522223
95.0	105.0	0.002662463155088751
104.0	105.0	0.006926815456295671
62.0	106.0	0.002632020148732109
73.0	106.0	0.006224325807946877
74.0	106.0	0.0009842367868905244
83.0	106.0	0.007723979701851125
84.0	106.0	0.0016364251213298372
85.0	106.0	0.005101596794126834
95.0	106.0	0.0037435850334683607
96.0	106.0	0.0025743481852606998
105.0	106.0	0.006406048188557112
64.0	108.0	0.00445695066095182
75.0	108.0	0.0057956302642765195
76.0	108.0	0.0016952080014946739
85.0	108.0	0.007941119027036014
86.0	108.0	0.0025496972450306317
87.0	108.0	0.0006483815492605391
97.0	108.0	0.0038789525295463883
98.0	108.0	0.00042599612670967893
65.0	109.0	0.004683711195652873
76.0	109.0	0.004875339641051374
77.0	109.0	0.0027448376028608723
86.0	109.0	0.005904089696258026
87.0	109.0	0.002514516158349439
88.0	109.0	0.0012295319687077588
98.0	109.0	0.0028284667599449602
99.0	109.0	0.0005543014907701538
108.0	109.0	0.0031776054130890755
66.0	110.0	0.0044774364192068095
77.0	110.0	0.004126073698446475
87.0	110.0	0.003895752253935042
88.0	110.0	0.0026107680642933617
99.0	110.0	0.0019355375863557567
109.0	110.0	0.001381236095585603
67.0	111.0	0.021180479503085423
78.0	111.0	0.014146799153235745
89.0	111.0	0.009635284192718113
90.0	111.0	0.007291224075440861
100.0	111.0	0.0038500614106699027
68.0	112.0	0.019405131202399797
78.0	112.0	0.016077110598561817
79.0	112.0	0.011140105419229801
89.0	112.0	0.011565595638044185
90.0	112.0	0.009221535520766933
91.0	112.0	0.003275645430622559
100.0	112.0	0.005780372855995974
101.0	112.0	0.0022190334861524885
111.0	112.0	0.0019303114453260717
69.0	113.0	0.016972443267297025
79.0	113.0	0.01655888916864008
80.0	113.0	0.007683440969800452
90.0	113.0	0.014367764417333298
91.0	113.0	0.0075771924629296295
92.0	113.0	0.0005662717292558413
101.0	113.0	0.006370476676390062
102.0	113.0	0.0010539578785709123
112.0	113.0	0.003836204039577193
70.0	114.0	0.008508888136097247
80.0	114.0	0.010423979163522008
81.0	114.0	0.0022088935409156647
91.0	114.0	0.010330766268433754
92.0	114.0	0.004180014243141517
93.0	114.0	0.0030694238223915086
102.0	114.0	0.004607866259239666
103.0	114.0	0.0009932032171702078
113.0	114.0	0.004207622583720854
71.0	115.0	0.004721935941049035
81.0	115.0	0.007616976746895309
82.0	115.0	0.00041739450422372654
92.0	115.0	0.009588097449118939
93.0	115.0	0.0023386593835940856
94.0	115.0	0.005046375387695331
103.0	115.0	0.004425403645741814
104.0	115.0	0.0022680809157440847
114.0	115.0	0.005418606862917954
72.0	116.0	0.002868334970919373
82.0	116.0	0.006094247163643263
83.0	116.0	0.001361735878175896
93.0	116.0	0.008844958802736502
94.0	116.0	0.0014742389520523147
95.0	116.0	0.00534213054655866
104.0	116.0	0.004247148064825762
105.0	116.0	0.0026796673914699087
115.0	116.0	0.006523477508336235
73.0	117.0	0.0034360719826855212
83.0	117.0	0.005493682664242938
84.0	117.0	0.0006035053169716905
94.0	117.0	0.008329657494471149
95.0	117.0	0.0015132879958601742
96.0	117.0	0.004804645222868886
105.0	117.0	0.004175751150948925
106.0	117.0	0.0022302970376081865
116.0	117.0	0.006855418542418834
74.0	118.0	0.003716336069560011
84.0	118.0	0.00635730132798479
85.0	118.0	0.00040102393767629807
95.0	118.0	0.008444157889918896
96.0	118.0	0.002126224671189836
97.0	118.0	0.004444351610132232
106.0	118.0	0.004700572856450536
117.0	118.0	0.006930869894058722
75.0	119.0	0.0043698215333287105
85.0	119.0	0.00650283405099078
86.0	119.0	0.0010487572639329258
96.0	119.0	0.009030082659856914
97.0	119.0	0.0024634760596378624
98.0	119.0	0.0018564397528637272
108.0	119.0	0.0014002491226331004
118.0	119.0	0.006903857988667078
76.0	120.0	0.004861563023216239
86.0	120.0	0.005889535200614495
87.0	120.0	0.002500873238156981
97.0	120.0	0.007003676054973823
98.0	120.0	0.0028144231383430566
99.0	120.0	0.0005406585705776956
108.0	120.0	0.003163882693826168
109.0	120.0	1.3642920192458163e-5
119.0	120.0	0.0045375909050420216
77.0	121.0	0.005129894449465683
87.0	121.0	0.00489957300495425
88.0	121.0	0.0036145888153125694
98.0	121.0	0.005283574272137471
99.0	121.0	0.0029393583373749643
109.0	121.0	0.0023850568466048105
110.0	121.0	0.0010038207510192076
120.0	121.0	0.0023986997667972687
78.0	122.0	0.019101470918540447
89.0	122.0	0.014589955958022816
90.0	122.0	0.012245895840745563
100.0	122.0	0.008804733175974605
101.0	122.0	0.005243393806131119
111.0	122.0	0.004954671765304702
112.0	122.0	0.0030243603199786306
79.0	123.0	0.0182654706413236
90.0	123.0	0.01609213039726485
91.0	123.0	0.009356674873849113
100.0	123.0	0.012194009556480728
101.0	123.0	0.0081597535299305
102.0	123.0	0.0028863868470412313
112.0	123.0	0.0056460505982660935
113.0	123.0	0.0021429420948213423
122.0	123.0	0.0022200800348739897
80.0	124.0	0.01056772145665591
91.0	124.0	0.010474689242530533
92.0	124.0	0.004335859642749129
101.0	124.0	0.009418077298060462
102.0	124.0	0.004762882323869927
103.0	124.0	0.0008270080670187987
113.0	124.0	0.0043855464917177045
114.0	124.0	0.0001642662170901422
123.0	124.0	0.002508967182267764
81.0	125.0	0.006090742544643519
92.0	125.0	0.008061863246866967
93.0	125.0	0.0008124251813427826
102.0	125.0	0.008489715262964595
103.0	125.0	0.002896199525216934
104.0	125.0	0.003794315117994963
114.0	125.0	0.003889402742390994
115.0	125.0	0.0015292041205247373
124.0	125.0	0.003717582786640606
82.0	126.0	0.003573089144328162
93.0	126.0	0.006323800783421402
94.0	126.0	0.001046919067262786
103.0	126.0	0.00841423198590177
104.0	126.0	0.0017259900455106614
105.0	126.0	0.005200825410785009
115.0	126.0	0.003997423064029973
116.0	126.0	0.0025211580193151006
125.0	126.0	0.005523657266280692
83.0	127.0	0.0028113738193243365
94.0	127.0	0.005647348649552547
95.0	127.0	0.0011690208490584275
104.0	127.0	0.008420257762325994
105.0	127.0	0.0014934423060303237
106.0	127.0	0.004912605882526788
116.0	127.0	0.004173109697500232
117.0	127.0	0.0026823088449186017
126.0	127.0	0.006694267716815333
84.0	128.0	0.0036301695874902474
95.0	128.0	0.0057287548854379755
96.0	128.0	0.0005891783332910849
105.0	128.0	0.008391218040526727
106.0	128.0	0.001985169851969615
117.0	128.0	0.004215466889577801
118.0	128.0	0.0027154030044809208
127.0	128.0	0.006897775734496403
85.0	129.0	0.004440550496391693
96.0	129.0	0.006967799105257827
97.0	129.0	0.0004000067031191541
106.0	129.0	0.009542147290518527
108.0	129.0	0.003474595220172989
118.0	129.0	0.004841574434067991
119.0	129.0	0.002062283554599087
128.0	129.0	0.007556977438548912
86.0	130.0	0.005761180195271181
97.0	130.0	0.0068898581402426036
98.0	130.0	0.0026720824637185988
108.0	130.0	0.0030268697534813673
109.0	130.0	0.00016844018249179238
119.0	130.0	0.0044094143532361395
120.0	130.0	0.00015471746322886788
129.0	130.0	0.0064837604507786365
87.0	131.0	0.005841981425592396
98.0	131.0	0.006261189857834219
99.0	131.0	0.003846963026131563
108.0	131.0	0.0065367243250123675
109.0	131.0	0.0032828198783299727
110.0	131.0	0.001877059850987833
120.0	131.0	0.00329670502940883
121.0	131.0	0.0008554162008477089
130.0	131.0	0.0034738130929790534
88.0	132.0	0.005964655666456736
99.0	132.0	0.005289425188519131
109.0	132.0	0.0047351236977489775
110.0	132.0	0.0033538876021633746
121.0	132.0	0.002350066851144167
131.0	132.0	0.0015363762316543104
89.0	133.0	0.018596227788699154
100.0	133.0	0.012811005006650944
111.0	133.0	0.008960943595981041
112.0	133.0	0.00703063215065497
122.0	133.0	0.004006271830676339
90.0	134.0	0.01672670247998087
100.0	134.0	0.013285539815209912
101.0	134.0	0.009724200445366427
111.0	134.0	0.00943547840454001
112.0	134.0	0.007505166959213938
113.0	134.0	0.004735157942177461
122.0	134.0	0.004480806639235307
123.0	134.0	0.0028557409725847153
133.0	134.0	0.00047453480855896846
91.0	135.0	0.021852178784709186
101.0	135.0	0.0199777599446223
102.0	135.0	0.011719491419864312
112.0	135.0	0.016041217115443897
113.0	135.0	0.012937163558981153
114.0	135.0	0.003573315746322284
123.0	135.0	0.009089541370818955
124.0	135.0	0.003270186632328401
134.0	135.0	0.0027271272833402772
92.0	136.0	0.007494826962279988
102.0	136.0	0.007921849643400786
103.0	136.0	0.00233809438819564
113.0	136.0	0.007993281340439593
114.0	136.0	0.003329368672308691
115.0	136.0	0.0020787145336771964
124.0	136.0	0.0031589673195308587
125.0	136.0	0.0005524803314259171
135.0	136.0	0.0023337892548807105
93.0	137.0	0.00433693174562204
103.0	137.0	0.006427564471015867
104.0	137.0	0.00026980855371208743
114.0	137.0	0.007420767688193735
115.0	137.0	0.0020021608252782826
116.0	137.0	0.004525205146300503
125.0	137.0	0.003531364945801492
126.0	137.0	0.0019991507019964582
136.0	137.0	0.004076986895705379
94.0	138.0	0.0028760726184937357
104.0	138.0	0.005648981731267183
105.0	138.0	0.0012778337250284877
115.0	138.0	0.007928033722648605
116.0	138.0	0.001401833666441421
117.0	138.0	0.005453584875977413
126.0	138.0	0.003922991685756522
127.0	138.0	0.0027712760310588114
137.0	138.0	0.005929761360611641
95.0	139.0	0.0032251992425257336
105.0	139.0	0.005887662397614485
106.0	139.0	0.000518385790942627
116.0	139.0	0.008567329789084394
117.0	139.0	0.0017119112466655595
118.0	139.0	0.005218958647393163
127.0	139.0	0.004394220091584161
128.0	139.0	0.002503555642912242
138.0	139.0	0.0071654961226429725
96.0	140.0	0.004397917405383839
106.0	140.0	0.0069722655906445385
117.0	140.0	0.009202562628252725
118.0	140.0	0.002271692734194003
119.0	140.0	0.004632165254473075
128.0	140.0	0.004987095738674924
129.0	140.0	0.002569881699873988
139.0	140.0	0.007490651381587166
97.0	141.0	0.0053698200317919996
108.0	141.0	0.001521414461902837
118.0	141.0	0.009808531789054248
119.0	141.0	0.0029046738003871697
120.0	141.0	0.0016329171046548518
129.0	141.0	0.004966957354986257
130.0	141.0	0.0014877507686965289
140.0	141.0	0.007536839054860245
98.0	142.0	0.006393437082141105
108.0	142.0	0.006662162617417664
109.0	142.0	0.0034518485892044487
119.0	142.0	0.008020795020394435
120.0	142.0	0.003465544605255905
121.0	142.0	0.0010575095185418092
130.0	142.0	0.0036412174740643012
131.0	142.0	0.00021755536694298262
141.0	142.0	0.005104816737655627
99.0	143.0	0.006630199742746007
109.0	143.0	0.006075898251975853
110.0	143.0	0.00469466215639025
120.0	143.0	0.006089541172168311
121.0	143.0	0.0036908414053710425
131.0	143.0	0.002900956320484465
132.0	143.0	0.0013407745542268756
142.0	143.0	0.002647695995984675
100.0	144.0	0.016933812462759684
111.0	144.0	0.013083751052089782
112.0	144.0	0.01115343960676371
122.0	144.0	0.00812907928678508
123.0	144.0	0.006988474303057193
133.0	144.0	0.00412280745610874
134.0	144.0	0.0036482726475497718
101.0	145.0	0.01463225113888386
112.0	145.0	0.01211769286053541
113.0	145.0	0.00967509752378465
122.0	145.0	0.008690556529890496
123.0	145.0	0.007460789879746088
124.0	145.0	0.003959900142943944
134.0	145.0	0.003613008354669507
135.0	145.0	0.0037005680152576792
144.0	145.0	0.0005211312357494935
102.0	146.0	0.009575281496087138
113.0	146.0	0.009924296037675345
114.0	146.0	0.004434286882638821
123.0	146.0	0.007737417997474063
124.0	146.0	0.004241045586039231
125.0	146.0	8.57596116320521e-5
135.0	146.0	0.004256279792023772
136.0	146.0	0.0007031297257082931
145.0	146.0	0.0003769502333229212
103.0	147.0	0.005222065164593721
114.0	147.0	0.0062133394487105175
115.0	147.0	0.000805256242721379
124.0	147.0	0.006037347897105666
125.0	147.0	0.002331490444972392
126.0	147.0	0.003185979224903046
136.0	147.0	0.0028783805775748073
137.0	147.0	0.0011930161193093346
146.0	147.0	0.0025205403118097884
104.0	148.0	0.0031010619408488593
115.0	148.0	0.005375165532311792
116.0	148.0	0.0011460861239769027
125.0	148.0	0.006901399734562385
126.0	148.0	0.001375071895338198
127.0	148.0	0.005319195821477135
137.0	148.0	0.0033768931702770687
138.0	148.0	0.0025479197904183237
147.0	148.0	0.004561051120241244
105.0	149.0	0.0027772011961145204
116.0	149.0	0.005456868587584429
117.0	149.0	0.001398549954834405
126.0	149.0	0.00797802660689953
127.0	149.0	0.0012837588900841967
128.0	149.0	0.005614016844412206
138.0	149.0	0.004055034921143008
139.0	149.0	0.0031104612014999644
148.0	149.0	0.006602954711561332
106.0	150.0	0.0041673353571014815
117.0	150.0	0.006397632394709668
118.0	150.0	0.0005332374993490541
127.0	150.0	0.00907994123962827
128.0	150.0	0.0021821655051318667
129.0	150.0	0.005374811933417045
139.0	150.0	0.0046857211480441086
140.0	150.0	0.002804930233543057
149.0	150.0	0.007796182349544073
118.0	151.0	0.007565541370485623
119.0	151.0	0.0006616833818185452
128.0	151.0	0.010280944374966544
129.0	151.0	0.002723966936417632
130.0	151.0	0.0037438607062494867
140.0	151.0	0.00529384863629162
141.0	151.0	0.0022429904185686245
150.0	151.0	0.008098778869834677
108.0	152.0	0.006029365130442208
119.0	152.0	0.007386410256853271
120.0	152.0	0.0028488193518112492
129.0	152.0	0.009448693811452358
130.0	152.0	0.0030201998998485107
131.0	152.0	0.0003973047149411561
141.0	152.0	0.004481736456466101
142.0	152.0	0.0006056381468369311
151.0	152.0	0.0067247268750347255
109.0	153.0	0.007382499669918999
120.0	153.0	0.007396429527526246
121.0	153.0	0.004947280392101824
130.0	153.0	0.007598598371088717
131.0	153.0	0.004163267038463154
132.0	153.0	0.002547787018091845
142.0	153.0	0.003887101490558589
143.0	153.0	0.0011788133408782637
152.0	153.0	0.004487693907901461
110.0	154.0	0.007497373757262227
121.0	154.0	0.006493553006243019
131.0	154.0	0.005753430238061536
132.0	154.0	0.004143486155098852
143.0	154.0	0.0028027116008719766
153.0	154.0	0.0016828447912208275
111.0	155.0	0.0177386920719087
122.0	155.0	0.012784020306604
133.0	155.0	0.00877774847592766
134.0	155.0	0.008303213667368692
144.0	155.0	0.00465494101981892
112.0	156.0	0.014260077946664895
122.0	156.0	0.011235717626686265
123.0	156.0	0.010507648732538524
133.0	156.0	0.007229445796009926
134.0	156.0	0.006754910987450957
135.0	156.0	0.009256016087557538
144.0	156.0	0.0031066383399011854
145.0	156.0	0.0040415031472963905
155.0	156.0	0.0015483026799177346
113.0	157.0	0.01898553303647624
123.0	157.0	0.015361943183205896
124.0	157.0	0.008705395568559954
134.0	157.0	0.008197951444267713
135.0	157.0	0.02041286183658836
136.0	157.0	0.0034689427905380084
145.0	157.0	0.003617470790100571
146.0	157.0	0.0029524575767239944
156.0	157.0	0.0029993066555032
114.0	158.0	0.005962048894935695
124.0	158.0	0.005786544437087288
125.0	158.0	0.002080199891197876
135.0	158.0	0.006995084329865992
136.0	158.0	0.002627577117556429
137.0	158.0	0.0014443066730836535
146.0	158.0	0.0022396505623214417
147.0	158.0	0.0002508034600183784
157.0	158.0	0.0008866526002806103
115.0	159.0	0.003354230980529202
125.0	159.0	0.00488046518277998
126.0	159.0	0.0006419453400670072
136.0	159.0	0.005422414462410846
137.0	159.0	0.0013559586184962514
138.0	159.0	0.004564937025823529
147.0	159.0	0.002544033884836039
148.0	159.0	0.002017017235405205
158.0	159.0	0.0027948373448544173
116.0	160.0	0.0024067606528725694
126.0	160.0	0.00492791867218767
127.0	160.0	0.001766349044627663
137.0	160.0	0.006936640049225171
138.0	160.0	0.0010049269864311483
139.0	160.0	0.006160569136211824
148.0	160.0	0.003552846776849472
149.0	160.0	0.00305010793471186
159.0	160.0	0.005569864012254677
117.0	161.0	0.0032414228756442454
127.0	161.0	0.005923731720562847
128.0	161.0	0.000974044013933556
138.0	161.0	0.008695007751621658
139.0	161.0	0.0015295116289786859
140.0	161.0	0.00596113975260848
149.0	161.0	0.00463997283047865
150.0	161.0	0.0031562095190654227
160.0	161.0	0.00769008076519051
118.0	162.0	0.004506487996108283
128.0	162.0	0.007221891000589203
129.0	162.0	0.0003350864379597085
139.0	162.0	0.009725446643501445
140.0	162.0	0.0022347952619142797
141.0	162.0	0.005302043792945965
150.0	162.0	0.005039725495457337
151.0	162.0	0.0030590533743773407
161.0	162.0	0.00819593501452276
119.0	163.0	0.00583602177225781
129.0	163.0	0.007898305326856897
130.0	163.0	0.0014607430077429894
140.0	163.0	0.010468187026730885
141.0	163.0	0.0029313479718706403
142.0	163.0	0.002162060472223725
151.0	163.0	0.005174338390439265
152.0	163.0	0.0015503884845954607
162.0	163.0	0.008233391764816606
120.0	164.0	0.007590455019473828
130.0	164.0	0.007790340091468141
131.0	164.0	0.00441614402624839
141.0	164.0	0.009229651000180195
142.0	164.0	0.004141187433049852
143.0	164.0	0.00147749840623895
152.0	164.0	0.004730681416799393
153.0	164.0	0.00032525330248527436
163.0	164.0	0.006287031439245562
121.0	165.0	0.008259898869416665
131.0	165.0	0.007551137680580925
132.0	165.0	0.005909832018272498
142.0	165.0	0.007234535432470384
143.0	165.0	0.004569057464045623
153.0	165.0	0.0034863403780938567
154.0	165.0	0.0017663458631736462
164.0	165.0	0.0031091279505613663
122.0	166.0	0.016417949529946546
133.0	166.0	0.012411677699270207
134.0	166.0	0.011937142890711239
144.0	166.0	0.008288870243161467
145.0	166.0	0.009913890478980447
155.0	166.0	0.003633929223342547
156.0	166.0	0.0051822319032602815
123.0	167.0	0.014452974952158498
134.0	167.0	0.009668237440781402
135.0	167.0	0.015697260838597602
144.0	167.0	0.005527056837532059
145.0	167.0	0.0069802724253093095
146.0	167.0	0.006508648978496677
156.0	167.0	0.002000689244597376
157.0	167.0	0.0073763839946058025
166.0	167.0	0.0038816995767903574
124.0	168.0	0.006914031417686706
135.0	168.0	0.009044308450697395
136.0	168.0	0.003713503372500541
145.0	168.0	0.003829534740470466
146.0	168.0	0.0034520416007992267
147.0	168.0	0.000797253588499783
157.0	168.0	0.002664147091760548
158.0	168.0	0.0010513567261472333
167.0	168.0	0.0023034185791850647
125.0	169.0	0.0038525553057452283
136.0	169.0	0.0043964970537576364
137.0	169.0	0.00032804874146230675
146.0	169.0	0.004220769473950849
147.0	169.0	0.0015181164761828292
148.0	169.0	0.003042934644058415
158.0	169.0	0.0017689199362012076
159.0	169.0	0.0010259174086532097
168.0	169.0	0.0007408358775868493
126.0	170.0	0.0017180884820785502
137.0	170.0	0.0037205759409591134
138.0	170.0	0.0022049032036779714
147.0	170.0	0.004904067706981596
148.0	170.0	0.0003430165867403523
149.0	170.0	0.0062599381248209796
159.0	170.0	0.0023600338221455575
160.0	170.0	0.0032098301901091197
169.0	170.0	0.003385951230798767
127.0	171.0	0.0027532575958521266
138.0	171.0	0.005524533626910938
139.0	171.0	0.0016409624957320346
148.0	171.0	0.008072453417329262
149.0	171.0	0.0014694987057679298
150.0	171.0	0.006326683643776143
160.0	171.0	0.00451960664047979
161.0	171.0	0.0031704741247107204
170.0	171.0	0.007729436830588909
128.0	172.0	0.004406516095073115
139.0	172.0	0.006910071737985357
140.0	172.0	0.0005805796436018085
149.0	172.0	0.010020532939485322
150.0	172.0	0.0022243505899412486
151.0	172.0	0.005874428279893429
161.0	172.0	0.005380560109006671
162.0	172.0	0.002815374905516088
171.0	172.0	0.008551034233717392
129.0	173.0	0.004970272883890903
140.0	173.0	0.007540154583764891
141.0	173.0	3.3155289046460368e-6
150.0	173.0	0.010345084817307948
151.0	173.0	0.0022463059474732705
152.0	173.0	0.004478420927561455
162.0	173.0	0.005305359321850611
163.0	173.0	0.0029280324429659943
172.0	173.0	0.0081207342273667
130.0	174.0	0.007166707248762289
141.0	174.0	0.008604131424605671
142.0	174.0	0.003532800461437929
151.0	174.0	0.010847121843174296
152.0	174.0	0.00412239496813957
153.0	174.0	0.0002785968746459729
163.0	174.0	0.005672783452735031
164.0	174.0	0.0005924350579391633
173.0	174.0	0.008600815895701025
131.0	175.0	0.009131110499629377
142.0	175.0	0.00878872478756585
143.0	175.0	0.006083679581351733
152.0	175.0	0.009365090279436087
153.0	175.0	0.005019342826924059
154.0	175.0	0.003245778539375498
164.0	175.0	0.0046112459713245875
165.0	175.0	0.0014572553234900852
174.0	175.0	0.005190936587746542
132.0	176.0	0.009287655491996866
143.0	176.0	0.00794688093776999
153.0	176.0	0.006935206115607202
154.0	176.0	0.0051441693368980135
165.0	176.0	0.0033778234737243673
175.0	176.0	0.001962978407555165
133.0	177.0	0.01838886613678664
144.0	177.0	0.014266058680677901
155.0	177.0	0.009611117660858981
156.0	177.0	0.011159420340776716
166.0	177.0	0.005977188437516434
134.0	178.0	0.014373463750727261
144.0	178.0	0.01072519110317749
145.0	178.0	0.012674673867557629
155.0	178.0	0.006070250083358569
156.0	178.0	0.007618552763276304
157.0	178.0	0.015628177975289342
166.0	178.0	0.0024363208600160224
167.0	178.0	0.006647184962200404
177.0	178.0	0.0035408675775004117
135.0	179.0	0.029491813250961146
145.0	179.0	0.009512031150814807
146.0	179.0	0.008817660424629248
156.0	179.0	0.0025276433027553043
157.0	179.0	0.012792394286178477
158.0	179.0	0.004427881037205351
167.0	179.0	0.0001219281492189351
168.0	179.0	0.0029375603071179913
178.0	179.0	0.008831461026724309
136.0	180.0	0.004651550720181793
146.0	180.0	0.004505804487027125
147.0	180.0	0.001762287900838995
157.0	180.0	0.004239111383621454
158.0	180.0	0.0020140395689954606
159.0	180.0	0.0007913641672270291
168.0	180.0	0.0009852545704789432
169.0	180.0	0.0002384319089526134
179.0	180.0	0.0014444113460203333
137.0	181.0	0.0019910570809689005
147.0	181.0	0.003204770262583097
148.0	181.0	0.0014595385100533778
158.0	181.0	0.0034612516630172646
159.0	181.0	0.0006031419856569747
160.0	181.0	0.005092818197612703
169.0	181.0	0.0016522851421424793
170.0	181.0	0.0018103206505105584
180.0	181.0	0.0014148232330894969
138.0	182.0	0.0010777407643247638
148.0	182.0	0.0036256605547430876
149.0	182.0	0.0029772941568182443
159.0	182.0	0.005642677790148293
160.0	182.0	7.281377789361554e-5
161.0	182.0	0.0076172669872968946
170.0	182.0	0.0032826439680027353
171.0	182.0	0.004446792862586174
181.0	182.0	0.005167280406880822
139.0	183.0	0.0032815091022155574
149.0	183.0	0.006391970303715522
150.0	183.0	0.0014042120458285512
160.0	183.0	0.009442078238427382
161.0	183.0	0.0017519974732368715
162.0	183.0	0.006443937541285888
171.0	183.0	0.004922471597947592
172.0	183.0	0.0036285626357697998
182.0	183.0	0.009369264460533766
140.0	184.0	0.004392963590581167
150.0	184.0	0.007197893824124224
151.0	184.0	0.0009008850457104534
161.0	184.0	0.010354103343189647
162.0	184.0	0.0021581683286668873
163.0	184.0	0.006075223436149718
172.0	184.0	0.0049735432341829755
173.0	184.0	0.003147190993183724
183.0	184.0	0.008602105869952775
141.0	185.0	0.006177603711462615
151.0	185.0	0.00842059413003124
152.0	185.0	0.0016958672549965137
162.0	185.0	0.01147964750440858
163.0	185.0	0.0032462557395919744
164.0	185.0	0.0030282932304808974
173.0	185.0	0.006174288182557969
174.0	185.0	0.0024265277131430563
184.0	185.0	0.009321479175741693
142.0	186.0	0.01055054002961182
152.0	186.0	0.01119088614479658
153.0	186.0	0.006334949558131632
163.0	186.0	0.012956187382347528
164.0	186.0	0.005850593608361628
165.0	186.0	0.0022985258281801152
174.0	186.0	0.006497050366708082
175.0	186.0	0.0006692917347461575
185.0	186.0	0.00925994006662791
143.0	187.0	0.010011928268190945
153.0	187.0	0.009043685448418362
154.0	187.0	0.007209216667318968
164.0	187.0	0.00857292762552702
165.0	187.0	0.005442870804145322
175.0	187.0	0.004053953436490925
176.0	187.0	0.002065047330420955
186.0	187.0	0.0038988283587575744
144.0	188.0	0.018012011826594204
155.0	188.0	0.013357070806775284
156.0	188.0	0.014905373486693019
166.0	188.0	0.009723141583432737
167.0	188.0	0.014918507737222517
177.0	188.0	0.003745953145916303
178.0	188.0	0.007286820723416715
145.0	189.0	0.012382406376109757
156.0	189.0	0.007360634163408902
157.0	189.0	0.015200639975630719
166.0	189.0	0.002178402260148621
167.0	189.0	0.006354419698698112
168.0	189.0	0.0076973745190821365
178.0	189.0	0.0002579185998674016
179.0	189.0	0.008446909737858888
188.0	189.0	0.0075447393232841165
146.0	190.0	0.006116873946844032
157.0	190.0	0.006628217383986039
158.0	190.0	0.0034528025485150732
167.0	190.0	0.00046028966673983425
168.0	190.0	0.002443367883505299
169.0	190.0	0.0016778003018987995
179.0	190.0	0.0007061431711520234
180.0	190.0	0.0014449105738683229
189.0	190.0	0.0052120125963354205
147.0	191.0	0.0025886472631307866
158.0	191.0	0.002856532032146149
159.0	191.0	0.0001286514916655758
168.0	191.0	0.001772741431939454
169.0	191.0	0.0009671374102330104
170.0	191.0	0.002649418610538574
180.0	191.0	0.000716307653509021
181.0	191.0	0.0007769818170761692
190.0	191.0	0.0008217987634954494
150.0	194.0	0.0035772699398547714
161.0	194.0	0.006733479458920194
162.0	194.0	0.0014624555556025653
171.0	194.0	0.009903953583630914
172.0	194.0	0.0013529193499135228
173.0	194.0	0.0067678148774531766
183.0	194.0	0.004981481985683323
184.0	194.0	0.0036206238842694527
151.0	195.0	0.005059191958824677
162.0	195.0	0.008118245333202018
163.0	195.0	0.00011514643161458782
172.0	195.0	0.010933620238718106
173.0	195.0	0.0028128860113514065
174.0	195.0	0.0057879298843496185
184.0	195.0	0.00596007700453513
185.0	195.0	0.0033614021712065623
194.0	195.0	0.009580700888804583
152.0	196.0	0.009373204360217408
163.0	196.0	0.010923592844812868
164.0	196.0	0.004678564692393234
173.0	196.0	0.013851625287778863
174.0	196.0	0.005250809392077838
175.0	196.0	0.00012579933340932224
185.0	196.0	0.007677337105220894
186.0	196.0	0.0005183808847828785
195.0	196.0	0.011038739276427456
153.0	197.0	0.01104044521029372
164.0	197.0	0.010536076431271779
165.0	197.0	0.007398499845220674
174.0	197.0	0.011085884161483789
175.0	197.0	0.006034136374920998
176.0	197.0	0.004020676371496307
186.0	197.0	0.0061255440501487455
187.0	197.0	0.001955629041075352
196.0	197.0	0.005835074769405951
154.0	198.0	0.011007889141992216
165.0	198.0	0.00924154327881857
175.0	198.0	0.007900320137455702
176.0	198.0	0.005863719805094203
187.0	198.0	0.003798672474673248
197.0	198.0	0.0018430434335978962
155.0	199.0	0.021134550447209965
166.0	199.0	0.01750062122386742
177.0	199.0	0.011523432786350984
178.0	199.0	0.015064300363851396
188.0	199.0	0.007777479640434681
156.0	200.0	0.01708841743492262
166.0	200.0	0.011906185531662339
167.0	200.0	0.017396496672759155
177.0	200.0	0.005928997094145905
178.0	200.0	0.009469864671646316
179.0	200.0	0.022950833056251917
188.0	200.0	0.0021830439482296016
189.0	200.0	0.009727783271513718
199.0	200.0	0.00559443569220508
157.0	201.0	0.013287524879605401
167.0	201.0	0.00504437557245604
168.0	201.0	0.006528075610439827
178.0	201.0	0.0014120334793542022
179.0	201.0	0.006726148363403614
180.0	201.0	0.0054952527289306215
189.0	201.0	0.0011541148794868006
190.0	201.0	0.004053929371640889
200.0	201.0	0.010881898151000519
158.0	202.0	0.0030550268430606484
168.0	202.0	0.002038598101834167
169.0	202.0	0.001277016143192609
179.0	202.0	0.00010460905196091864
180.0	202.0	0.00104220713596497
181.0	202.0	0.0003548912747017838
190.0	202.0	0.00040502286814465783
191.0	202.0	0.00039201858100752253
201.0	202.0	0.004464428245248131
159.0	203.0	0.0008982563299507959
169.0	203.0	0.002069148481478147
170.0	203.0	0.0017952792864463934
180.0	203.0	0.0018058107717092038
181.0	203.0	0.00023095746676812497
182.0	203.0	0.0055418012052417705
191.0	203.0	0.0011170152728380153
202.0	203.0	0.0006227602085116694
162.0	206.0	0.0036550535562703823
172.0	206.0	0.0064704284617864705
173.0	206.0	0.001650305765580229
183.0	206.0	0.01009899109755627
184.0	206.0	0.001496885227603495
185.0	206.0	0.007824593948138198
194.0	206.0	0.005117509111872948
195.0	206.0	0.004463191776931635
163.0	207.0	0.008322437755893058
173.0	207.0	0.011250470198859053
174.0	207.0	0.0026496543031580277
184.0	207.0	0.014397661192042777
185.0	207.0	0.005076182016301084
186.0	207.0	0.003480104570914499
195.0	207.0	0.008437584187507646
196.0	207.0	0.00260115508891981
206.0	207.0	0.012900775964439282
164.0	208.0	0.012250434144169606
174.0	208.0	0.012829325577774171
175.0	208.0	0.007464960362983877
185.0	208.0	0.015415095495004864
186.0	208.0	0.0077548315985355816
187.0	208.0	0.0030998924873877963
196.0	208.0	0.007233928956665482
197.0	208.0	0.0010159242243073302
207.0	208.0	0.010005786266412943
165.0	209.0	0.012669757103036056
175.0	209.0	0.011371576894960569
176.0	209.0	0.009291933629311688
186.0	209.0	0.012127495853279515
187.0	209.0	0.007226886298890733
197.0	209.0	0.005271257257815382
198.0	209.0	0.0034282138242174853
208.0	209.0	0.004601262164875851
166.0	210.0	0.021945531648819683
177.0	210.0	0.01596834321130325
178.0	210.0	0.01950921078880366
188.0	210.0	0.012222390065386946
189.0	210.0	0.019767129388671062
199.0	210.0	0.004444910424952264
200.0	210.0	0.010039346117157344
167.0	211.0	0.015933897553616624
178.0	211.0	0.008181352802226455
179.0	211.0	0.021029688554232512
188.0	211.0	0.00089453207880974
189.0	211.0	0.008439271402093856
190.0	211.0	0.013680301856894233
200.0	211.0	0.0012885118694198616
201.0	211.0	0.009593386281580657
210.0	211.0	0.011327857986577206
168.0	212.0	0.004018950107391657
179.0	212.0	0.003033673994878644
180.0	212.0	0.003009346663958245
189.0	212.0	0.0036306579226425273
190.0	212.0	0.0015688709043348219
191.0	212.0	0.002488769830375779
201.0	212.0	0.0024765430431557267
202.0	212.0	0.001975157849624201
211.0	212.0	0.012069929324736384
169.0	213.0	0.0014891201934782428
180.0	213.0	0.0012320462658191235
181.0	213.0	0.0003017127725894864
190.0	213.0	0.00035788762105596873
191.0	213.0	0.000526711423961703
202.0	213.0	8.721541079015727e-5
203.0	213.0	0.0005931319604323384
212.0	213.0	0.00208236093997154
174.0	218.0	0.012386520570514809
185.0	218.0	0.014818356191356772
186.0	218.0	0.007594563779408461
195.0	218.0	0.01818711126126176
196.0	218.0	0.0071242252961836
197.0	218.0	0.0012763865933082426
207.0	218.0	0.009731070281430472
208.0	218.0	0.0003420527543163154
175.0	219.0	0.013310147714321164
186.0	219.0	0.014307418717257726
187.0	219.0	0.00914141920337505
196.0	219.0	0.01302086493170565
197.0	219.0	0.007185790162299699
198.0	219.0	0.005342746728701803
208.0	219.0	0.006641437334996395
209.0	219.0	0.0019145329044843173
218.0	219.0	0.005925122124653776
176.0	220.0	0.013413336627228406
187.0	220.0	0.011348289296807451
197.0	220.0	0.0093926602557321
198.0	220.0	0.007549616822134203
209.0	220.0	0.004121402997916718
219.0	220.0	0.0022068700934324004
177.0	221.0	0.02577679259640059
188.0	221.0	0.022030839450484285
199.0	221.0	0.014253359810049604
200.0	221.0	0.019847795502254684
210.0	221.0	0.00980844938509734
178.0	222.0	0.023622811544103867
188.0	222.0	0.016335990820687152
189.0	222.0	0.023880730143971268
199.0	222.0	0.00855851118025247
200.0	222.0	0.01415294687245755
201.0	222.0	0.02503484502345807
210.0	222.0	0.004113600755300206
211.0	222.0	0.015441458741877412
221.0	222.0	0.0056948486297971335
186.0	230.0	0.017797767817821344
196.0	230.0	0.015937596908325524
197.0	230.0	0.00959557457564384
207.0	230.0	0.01876473868741493
208.0	230.0	0.00917340453287411
209.0	230.0	0.0038663538592863364
218.0	230.0	0.008230850395587453
219.0	230.0	0.0017854875607848
187.0	231.0	0.013727669137060555
197.0	231.0	0.011772040095985203
198.0	231.0	0.009928996662387307
208.0	231.0	0.011528662420946233
209.0	231.0	0.006500782838169822
219.0	231.0	0.0045862499336855045
220.0	231.0	0.002379379840253104
230.0	231.0	0.0031992128333207777
188.0	232.0	0.028049342629302476
199.0	232.0	0.020271862988867795
200.0	232.0	0.025866298681072875
210.0	232.0	0.01582695256391553
211.0	232.0	0.027154810550492736
221.0	232.0	0.006018503178818191
222.0	232.0	0.011713351808615324
196.0	240.0	0.015850755634188446
207.0	240.0	0.018451910723108256
208.0	240.0	0.009657041157650715
218.0	240.0	0.008761203071148794
219.0	240.0	0.0028298907024827957
230.0	240.0	0.0012902622356520488
197.0	241.0	0.016679289656627617
208.0	241.0	0.016774636212103892
209.0	241.0	0.010372451344660773
218.0	241.0	0.0151951617219547
219.0	241.0	0.008081792991073405
220.0	241.0	0.005441365447121273
230.0	241.0	0.006763106718881182
231.0	241.0	0.002594537223554538
240.0	241.0	0.004695947408478173
198.0	242.0	0.013405614234190871
209.0	242.0	0.009944588299339065
219.0	242.0	0.008011731022835937
220.0	242.0	0.005783738540493676
231.0	242.0	0.0033815851865209947
241.0	242.0	0.001429242312014245
199.0	243.0	0.03106617574979728
210.0	243.0	0.026621265324845017
221.0	243.0	0.016812815939747677
222.0	243.0	0.02250766456954481
232.0	243.0	0.010794312760929486
200.0	244.0	0.03332120883640369
210.0	244.0	0.023281862719246343
211.0	244.0	0.03460972070582355
221.0	244.0	0.013473413334149004
222.0	244.0	0.019168261963946137
232.0	244.0	0.007454910155330813
243.0	244.0	0.0033394026055986736
208.0	252.0	0.018351682535477927
218.0	252.0	0.01674423458275765
219.0	252.0	0.009981011384908842
230.0	252.0	0.008924361160449399
231.0	252.0	0.004766823343810604
240.0	252.0	0.006763658978943623
241.0	252.0	0.0028296426861893795
209.0	253.0	0.029268270782529984
219.0	253.0	0.025566139625380305
220.0	253.0	0.02129871621701713
230.0	253.0	0.026482992612836896
231.0	253.0	0.01669771081216748
241.0	253.0	0.018321891496362045
242.0	253.0	0.010411603152966534
252.0	253.0	0.011197848032713962
210.0	254.0	0.035572588883266726
221.0	254.0	0.025764139498169386
222.0	254.0	0.03145898812796652
232.0	254.0	0.019745636319351195
243.0	254.0	0.008951323558421709
244.0	254.0	0.012290726164020382
218.0	262.0	0.01660371483167816
230.0	262.0	0.009795521572770959
240.0	262.0	0.007825394103317784
241.0	262.0	0.004666808557163708
252.0	262.0	0.002133168917570722
219.0	263.0	0.01374030650721181
230.0	263.0	0.013041895972482584
231.0	263.0	0.008404190645552161
240.0	263.0	0.01044771999696317
241.0	263.0	0.007270034131396039
242.0	263.0	0.004557275850074508
252.0	263.0	0.004100452803683199
253.0	263.0	0.003748990237739527
262.0	263.0	0.0013428499610434585
220.0	264.0	0.013128976048366254
231.0	264.0	0.010129167803813264
241.0	264.0	0.009325787071057932
242.0	264.0	0.0059776938707271
253.0	264.0	0.0019363376838772222
263.0	264.0	0.0012426972690227334
221.0	265.0	0.035343213423199515
232.0	265.0	0.029324710244381325
243.0	265.0	0.018530397483451838
244.0	265.0	0.021869800089050512
254.0	265.0	0.00957907392503013
222.0	266.0	0.04059777998223818
232.0	266.0	0.028884428173622856
243.0	266.0	0.01809011541269337
244.0	266.0	0.021429518018292043
254.0	266.0	0.00913879185427166
265.0	266.0	0.0004402820707584687
230.0	274.0	0.015654421231344362
240.0	274.0	0.012841169810341583
241.0	274.0	0.01025588523552166
252.0	274.0	0.006942202086315024
253.0	274.0	0.001924723404321549
262.0	274.0	0.003813000305676577
263.0	274.0	0.0029616168754984726
231.0	275.0	0.017648978746389623
241.0	275.0	0.019484965496099592
242.0	275.0	0.011884341534704204
252.0	275.0	0.012961968320300108
253.0	275.0	0.016209778593608566
263.0	275.0	0.006382229074398088
264.0	275.0	0.005288481043424791
274.0	275.0	0.0012512757613146646
232.0	276.0	0.03869712474746939
243.0	276.0	0.027902811986539905
244.0	276.0	0.03124221459213858
254.0	276.0	0.018951488428118196
265.0	276.0	0.009372414503088067
266.0	276.0	0.009812696573846535
240.0	284.0	0.014267173226186841
252.0	284.0	0.009456940659523813
262.0	284.0	0.006441779122869057
263.0	284.0	0.006152179802244342
274.0	284.0	0.003618890416378777
241.0	285.0	0.013014031738650842
252.0	285.0	0.009689869488003027
253.0	285.0	0.007463239057308714
262.0	285.0	0.00631130144267766
263.0	285.0	0.005959770763429343
264.0	285.0	0.005360366131692106
274.0	285.0	0.003100692272291323
275.0	285.0	0.0039891087418105434
284.0	285.0	0.0008403471875624552
242.0	286.0	0.009125585186922356
253.0	286.0	0.006837748471254885
263.0	286.0	0.005622720869536471
264.0	286.0	0.004994951210779591
275.0	286.0	0.003454679087581205
285.0	286.0	0.0002884202340222359
243.0	287.0	0.0376669885093561
254.0	287.0	0.02871566495093439
265.0	287.0	0.01913659102590426
266.0	287.0	0.019576873096662728
276.0	287.0	0.009764176522816193
244.0	288.0	0.0411377162457994
254.0	288.0	0.028846990081779017
265.0	288.0	0.019267916156748888
266.0	288.0	0.019708198227507356
276.0	288.0	0.009895501653660821
287.0	288.0	0.00013132513084462838
252.0	296.0	0.01187896436442764
262.0	296.0	0.008572121559399265
263.0	296.0	0.008630839759880013
274.0	296.0	0.006076669841420308
275.0	296.0	0.008425991412441533
284.0	296.0	0.002130342436530208
285.0	296.0	0.0032054485481580112
253.0	297.0	0.13249501112709686
263.0	297.0	0.010246530270858596
264.0	297.0	0.00979717116553228
274.0	297.0	0.004178267310830155
275.0	297.0	0.016204130809988265
285.0	297.0	0.0021144482030102784
286.0	297.0	0.0015184872563813751
296.0	297.0	0.007469244061559037
254.0	298.0	0.03855139331106247
265.0	298.0	0.02897231938603234
266.0	298.0	0.02941260145679081
276.0	298.0	0.019599904882944275
287.0	298.0	0.009835728360128082
288.0	298.0	0.009704403229283454
262.0	306.0	0.014543555590835255
274.0	306.0	0.01296592269053524
284.0	306.0	0.008101776467966199
285.0	306.0	0.009834921120397973
296.0	306.0	0.00597143403143599
263.0	307.0	0.011957150945798873
274.0	307.0	0.009166870456430713
275.0	307.0	0.013720463807531964
284.0	307.0	0.004507676718154407
285.0	307.0	0.005948133121775639
286.0	307.0	0.006194655723407293
296.0	307.0	0.0022301099601637208
297.0	307.0	0.013369600909561793
306.0	307.0	0.004153999661989069
264.0	308.0	0.012427014827681196
275.0	308.0	0.015459892980257909
285.0	308.0	0.004880798353397787
286.0	308.0	0.0051947415547753
297.0	308.0	0.015289931057218636
307.0	308.0	0.0024165292380679063
265.0	309.0	0.03833823616409826
276.0	309.0	0.028965821661010194
287.0	309.0	0.019201645138194
288.0	309.0	0.019070320007349373
298.0	309.0	0.00936591677806592
266.0	310.0	0.03918998201555207
276.0	310.0	0.029377285441705536
287.0	310.0	0.019613108918889344
288.0	310.0	0.019481783788044715
298.0	310.0	0.009777380558761262
309.0	310.0	0.0004114637806953425
274.0	318.0	0.014034430199818182
284.0	318.0	0.009027932357947327
285.0	318.0	0.010863137297270294
296.0	318.0	0.006897589921417119
297.0	318.0	0.021264423904955348
306.0	318.0	0.0009261558899811284
307.0	318.0	0.005144160601173076
275.0	319.0	0.029857751730628383
285.0	319.0	0.009673847063321042
286.0	319.0	0.009994159814174173
296.0	319.0	0.004117460784123081
297.0	319.0	0.03422120065206984
307.0	319.0	0.0012187969237809747
308.0	319.0	0.005344857967257945
318.0	319.0	0.005843730761372888
276.0	320.0	0.03837606066906357
287.0	320.0	0.02861188414624738
288.0	320.0	0.02848055901540275
298.0	320.0	0.018776155786119297
309.0	320.0	0.009410239008053378
310.0	320.0	0.008998775227358036
284.0	328.0	0.017009582434167198
296.0	328.0	0.01487923999763699
306.0	328.0	0.008907805966200999
307.0	328.0	0.013677408860134108
318.0	328.0	0.00798165007621987
285.0	329.0	0.012044615381013282
296.0	329.0	0.007961795008591177
297.0	329.0	0.023392834079390183
306.0	329.0	0.0019903609771551867
307.0	329.0	0.006281911081410409
308.0	329.0	0.009851293552795565
318.0	329.0	0.0010642050871740583
319.0	329.0	0.007380608255947702
328.0	329.0	0.006917444989045812
286.0	330.0	0.009882194756077215
297.0	330.0	0.0193969850305744
307.0	330.0	0.0039015746857602703
308.0	330.0	0.007016907111618382
319.0	330.0	0.004170979526398696
329.0	330.0	0.002318205520018695
287.0	331.0	0.03746660241137045
298.0	331.0	0.02763087405124237
309.0	331.0	0.018264957273176452
310.0	331.0	0.01785349349248111
320.0	331.0	0.008854718265123074
288.0	332.0	0.04225058145625976
298.0	332.0	0.03254617822697631
309.0	332.0	0.02318026144891039
310.0	332.0	0.022768797668215046
320.0	332.0	0.01377002244085701
331.0	332.0	0.004915304175733937
335.0	336.0	0.006743609521199512
336.0	337.0	0.008031658849522094
337.0	338.0	0.011013038781984327
306.0	339.0	0.019285132155918594
318.0	339.0	0.018358976265937466
328.0	339.0	0.010377326189717595
338.0	339.0	0.015979542678902503
296.0	340.0	0.014331992280448125
306.0	340.0	0.008360558249012134
307.0	340.0	0.013092341789374486
318.0	340.0	0.007434402359031006
319.0	340.0	0.016580162872921227
328.0	340.0	0.0005472477171888646
329.0	340.0	0.006370197271856948
339.0	340.0	0.01092457390690646
297.0	341.0	0.03488395552958571
307.0	341.0	0.008687063066428753
308.0	341.0	0.013633621403774892
318.0	341.0	0.002486434048931431
319.0	341.0	0.011093200655823109
329.0	341.0	0.001258344920859727
330.0	341.0	0.003961516330795435
340.0	341.0	0.006092841525742941
298.0	342.0	0.037979845225076525
309.0	342.0	0.028613928447010606
310.0	342.0	0.028202464666315263
320.0	342.0	0.019203689438957228
331.0	342.0	0.010348971173834154
332.0	342.0	0.005433666998100217
335.0	346.0	0.0032634531300091032
336.0	346.0	0.003482052307172759
336.0	347.0	0.0036315601429385627
337.0	347.0	0.004405222954859736
346.0	347.0	0.007120731011376007
337.0	348.0	0.00488814803969969
338.0	348.0	0.006109830902545632
347.0	348.0	0.009279035458180597
328.0	349.0	0.019585618781148405
338.0	349.0	0.006771517405318025
339.0	349.0	0.009208187342036371
348.0	349.0	0.012881410275271336
306.0	350.0	0.016101596324891606
318.0	350.0	0.015151187006996171
328.0	350.0	0.006960519877756448
329.0	350.0	0.014059113370210726
339.0	350.0	0.0036885594103414957
340.0	350.0	0.00752209847941486
349.0	350.0	0.013137924279625898
307.0	351.0	0.013353934210841108
318.0	351.0	0.00767908517000454
319.0	351.0	0.01693352286905985
328.0	351.0	0.00030256490621533016
329.0	351.0	0.006614880082830482
330.0	351.0	0.009032110110238509
340.0	351.0	0.0002446828109735344
341.0	351.0	0.006375204675105967
350.0	351.0	0.007271008111158568
308.0	352.0	0.014989169499815918
319.0	352.0	0.013088800902057095
329.0	352.0	0.003952616701072692
330.0	352.0	0.006329992745246238
341.0	352.0	0.003302961594702987
351.0	352.0	0.00266226338175779
309.0	353.0	0.0350610897908718
320.0	353.0	0.025650850782818424
331.0	353.0	0.01679613251769535
332.0	353.0	0.011880828341961414
342.0	353.0	0.006447161343861196
310.0	354.0	0.04002747344927918
320.0	354.0	0.030782923250154286
331.0	354.0	0.02168636450378463
332.0	354.0	0.016636813309484903
342.0	354.0	0.011054741743062042
353.0	354.0	0.0044314952256934
332.0	355.0	0.023184795323095697
354.0	355.0	0.00718120623268345
335.0	356.0	0.010878568117023146
355.0	356.0	0.0047450787879365075
335.0	357.0	0.001239552928842591
336.0	357.0	0.007983162450042103
346.0	357.0	0.004503354549997478
356.0	357.0	0.009639015188180555
335.0	358.0	0.008869943133492845
336.0	358.0	0.00038339361390519615
337.0	358.0	0.011415561838097702
346.0	358.0	0.004394904505694872
347.0	358.0	0.005370658020266528
357.0	358.0	0.010570812768774427
336.0	359.0	0.008261429597891926
337.0	359.0	0.0003076324526392233
338.0	359.0	0.012055642253549388
347.0	359.0	0.004392688488077866
348.0	359.0	0.005521548213255528
358.0	359.0	0.012057654756456803
337.0	360.0	0.010263884268161154
338.0	360.0	0.0007473124977950274
339.0	360.0	0.01672685517669753
348.0	360.0	0.005362518404750605
349.0	360.0	0.007518837482540201
359.0	360.0	0.0112564368064649
328.0	361.0	0.015568717714141197
338.0	361.0	0.011330639050176268
339.0	361.0	0.00497780113644214
340.0	361.0	0.016127229108514284
349.0	361.0	0.004419863334401622
350.0	361.0	0.008877419546818414
360.0	361.0	0.012093333040605265
318.0	362.0	0.013845620919640741
328.0	362.0	0.005635231033924181
329.0	362.0	0.01275091761886661
339.0	362.0	0.005039490756083274
340.0	362.0	0.006198161891489022
341.0	362.0	0.013479598748120655
350.0	362.0	0.0013782283069771102
351.0	362.0	0.005946466908967658
361.0	362.0	0.01026972928567391
319.0	363.0	0.019337069091775037
329.0	363.0	0.008053930280701815
330.0	363.0	0.01054314590530709
340.0	363.0	0.0015539560986667785
341.0	363.0	0.008035437737204852
351.0	363.0	0.0013042884845817107
352.0	363.0	0.004020788854774881
362.0	363.0	0.0047287051149071295
320.0	364.0	0.03439146967433421
331.0	364.0	0.025536751409211134
332.0	364.0	0.020621447233477197
342.0	364.0	0.01518778023537698
353.0	364.0	0.008740618891515783
354.0	364.0	0.00454784785961668
332.0	365.0	0.02532238717470847
342.0	365.0	0.019888720176608254
354.0	365.0	0.0093771800933703
355.0	365.0	0.0021375918516127745
364.0	365.0	0.004700939941231275
355.0	366.0	0.001114540093142602
356.0	366.0	0.0058596188810791094
365.0	366.0	0.0010230517584701726
335.0	367.0	0.006744203067054644
346.0	367.0	0.010009552279917129
356.0	367.0	0.0041343650499685025
357.0	367.0	0.005504650138212053
366.0	367.0	0.009993983931047612
335.0	368.0	0.002695442829073295
336.0	368.0	0.004510569558940579
346.0	368.0	0.0007910396120520046
347.0	368.0	0.008400044481724869
357.0	368.0	0.004019990718858257
358.0	368.0	0.005930907976671823
367.0	368.0	0.009902089461814936
336.0	369.0	0.004150814331209206
337.0	369.0	0.0057617394504653335
346.0	369.0	0.008453025443661749
347.0	369.0	0.0003271899828486725
348.0	369.0	0.011766473513719396
358.0	369.0	0.006760474817370545
359.0	369.0	0.005859818948423606
368.0	369.0	0.010170088918744987
337.0	370.0	0.004469489847367793
338.0	370.0	0.006527459700958971
347.0	370.0	0.008860675751829115
348.0	370.0	0.00041762879841333866
349.0	370.0	0.01329904330937866
359.0	370.0	0.005074919511693472
360.0	370.0	0.005780147203163943
369.0	370.0	0.01125068384185181
338.0	371.0	0.004236226228465788
339.0	371.0	0.011805506035389766
348.0	371.0	0.01036983552414806
349.0	371.0	0.0025616018743778654
350.0	371.0	0.015819186028990028
360.0	371.0	0.0049864471357817875
361.0	371.0	0.007051882817507843
370.0	371.0	0.010789089660792889
328.0	372.0	0.012095531350121435
339.0	372.0	0.0013891844821542437
340.0	372.0	0.012660129954406673
349.0	372.0	0.00811094365896692
350.0	372.0	0.00523541808695958
351.0	372.0	0.012407689296859682
361.0	372.0	0.003720276475400315
362.0	372.0	0.006634295617585589
371.0	372.0	0.010786548235870042
329.0	373.0	0.01230838370805144
340.0	373.0	0.005825083192122915
341.0	373.0	0.012958578523920981
350.0	373.0	0.0016788085706098265
351.0	373.0	0.005576056022802438
352.0	373.0	0.008285588054524971
362.0	373.0	0.00031635195213314287
363.0	373.0	0.004363786523140345
372.0	373.0	0.006879012097711354
330.0	374.0	0.012183670498822873
341.0	374.0	0.009958453767740454
351.0	374.0	0.0031050774946448367
352.0	374.0	0.005767340876402627
363.0	374.0	0.0018640472336190598
373.0	374.0	0.002415847686403371
331.0	375.0	0.030787121713134413
342.0	375.0	0.02043815053930026
353.0	375.0	0.013990989195439063
354.0	375.0	0.00994161652394007
364.0	375.0	0.00525037030392328
332.0	376.0	0.03635120703612546
342.0	376.0	0.029428243520616484
353.0	376.0	0.021214000215357597
354.0	376.0	0.016269076545612098
355.0	376.0	0.006811764852338136
364.0	376.0	0.010077692872620399
365.0	376.0	0.004088287244133857
375.0	376.0	0.003388265259614102
354.0	377.0	0.012262845642774696
355.0	377.0	0.004946539296441288
356.0	377.0	0.009691618084377795
365.0	377.0	0.0028089474448285134
366.0	377.0	0.003831999203298686
376.0	377.0	0.0005094443219730073
355.0	378.0	0.002427426622159612
356.0	378.0	0.0023176521657768956
357.0	378.0	0.01195666735395745
366.0	378.0	0.003541966715302214
367.0	378.0	0.006452017215745398
377.0	378.0	0.0073739659186009
335.0	379.0	0.002710124500854505
346.0	379.0	0.005974339562339501
356.0	379.0	0.008168443616168641
357.0	379.0	0.001470571572011914
358.0	379.0	0.012588677819263929
367.0	379.0	0.004034078566200139
368.0	379.0	0.005591397979623552
378.0	379.0	0.010486095781945537
336.0	380.0	0.0009726754703020295
346.0	380.0	0.0031081689166605115
347.0	380.0	0.005232143617978979
357.0	380.0	0.008383596062789798
358.0	380.0	0.0009458805860509638
359.0	380.0	0.010852233316098104
368.0	380.0	0.004297706333959431
369.0	380.0	0.0063216214813756975
379.0	380.0	0.010107106892325354
337.0	381.0	0.0007127453916288884
347.0	381.0	0.003943781947441308
348.0	381.0	0.005876778109324437
358.0	381.0	0.011328193022725842
359.0	381.0	0.0004369994130774797
360.0	381.0	0.011557960085653818
369.0	381.0	0.005281377937259616
370.0	381.0	0.0054343320376727166
380.0	381.0	0.010250035515658418
338.0	382.0	0.0018646412260294176
348.0	382.0	0.0042451896765162145
349.0	382.0	0.00863617754299735
359.0	382.0	0.010061521415080887
360.0	382.0	0.0011173287282343902
361.0	382.0	0.013233659087436317
370.0	382.0	0.004662818474929553
371.0	382.0	0.006108124311982511
381.0	382.0	0.010374234948811987
339.0	383.0	0.0075869818332817696
349.0	383.0	0.0016211285597188896
350.0	383.0	0.011474223041116793
360.0	383.0	0.00913987334341576
361.0	383.0	0.002765339071718954
362.0	383.0	0.012843901913205013
371.0	383.0	0.0041889969959332495
372.0	383.0	0.006438348131069971
382.0	383.0	0.010257202071650151
340.0	384.0	0.010659333188703504
350.0	384.0	0.0033147870443375406
351.0	384.0	0.01041130736462788
361.0	384.0	0.005470379995546522
362.0	384.0	0.004683799387093847
363.0	384.0	0.00930389299061259
372.0	384.0	0.0018366012313858183
373.0	384.0	0.004945120691596637
383.0	384.0	0.00810513926898237
341.0	385.0	0.015801059383659992
351.0	385.0	0.007028105789350391
352.0	385.0	0.010087945648479915
362.0	385.0	0.00039671756076998973
363.0	385.0	0.005689527664160333
373.0	385.0	0.0007460967197075603
374.0	385.0	0.003459322945059778
384.0	385.0	0.0048518800498952765
342.0	386.0	0.02733776839046881
353.0	386.0	0.020890607046607612
354.0	386.0	0.017029677061999787
364.0	386.0	0.012149988155091829
365.0	386.0	0.007449048213860554
375.0	386.0	0.006899617851168549
376.0	386.0	0.005402446918974451
354.0	387.0	0.01709918947916525
355.0	387.0	0.009642651722488889
364.0	387.0	0.012210011955502482
365.0	387.0	0.007501714119644125
366.0	387.0	0.008526367155120807
376.0	387.0	0.005465493577952518
377.0	387.0	0.0046883701201753825
386.0	387.0	4.100668177415209e-5
355.0	388.0	0.0030287763806026158
356.0	388.0	0.007773855168539123
365.0	388.0	0.0008911845289898412
366.0	388.0	0.0019142362874600138
367.0	388.0	0.011908220218507626
377.0	388.0	0.0019177629158386722
378.0	388.0	0.005456203002762228
387.0	388.0	0.006609134711770578
356.0	389.0	0.0019002182989659167
357.0	389.0	0.007738796889214639
366.0	389.0	0.007759837180045026
367.0	389.0	0.002234146751002586
368.0	389.0	0.012289429522616965
378.0	389.0	0.004217870464742812
379.0	389.0	0.006268225317202725
388.0	389.0	0.00967407346750504
346.0	390.0	0.0020171430502508737
357.0	390.0	0.0026037057483233234
358.0	390.0	0.0073473594601475125
367.0	390.0	0.008252850896653926
368.0	390.0	0.0013456967434765461
369.0	390.0	0.01123174105297643
379.0	390.0	0.004112879274836006
380.0	390.0	0.005577298754015837
389.0	390.0	0.010545643165407308
347.0	391.0	0.0007990773432551045
358.0	391.0	0.005068617137260725
359.0	391.0	0.0057692400483860175
368.0	391.0	0.008529057441985913
369.0	391.0	0.0006388982807620561
370.0	391.0	0.010625846142334984
380.0	391.0	0.004961940003230131
381.0	391.0	0.005253632115398787
390.0	391.0	0.009553518735882897
348.0	392.0	0.0012191726506394218
359.0	392.0	0.004217716916171146
360.0	392.0	0.0065816910553900265
369.0	392.0	0.010260742434319873
370.0	392.0	0.0008015438522260832
371.0	392.0	0.011593752981485201
381.0	392.0	0.004585157052563043
382.0	392.0	0.005464362327155636
391.0	392.0	0.009735212403176492
349.0	393.0	0.004415078066015464
360.0	393.0	0.003103727937752654
361.0	393.0	0.008925722900222192
370.0	393.0	0.008883875140916597
371.0	393.0	0.0018706400318017503
372.0	393.0	0.012665873919220458
382.0	393.0	0.004221056665987044
383.0	393.0	0.006036145405663107
392.0	393.0	0.00968541899314268
350.0	394.0	0.00857504260982588
361.0	394.0	0.00011800673319183812
362.0	394.0	0.009937740386390802
371.0	394.0	0.007025188618013868
372.0	394.0	0.003523576770045832
373.0	394.0	0.010139788369634051
383.0	394.0	0.0028251964516761152
384.0	394.0	0.005241343175932371
393.0	394.0	0.008861341857339222
351.0	395.0	0.009543118931603116
362.0	395.0	0.003853851955648045
363.0	395.0	0.008430086713903079
372.0	395.0	0.0025968594384878163
373.0	395.0	0.00412114260405589
374.0	395.0	0.006429374930833052
384.0	395.0	0.0007668922273827687
385.0	395.0	0.003922180086062986
394.0	395.0	0.005941656432841559
352.0	396.0	0.010839614626955032
363.0	396.0	0.006678069139314906
373.0	396.0	0.001978542049007385
374.0	396.0	0.004535456770131303
385.0	396.0	0.0014516373240575128
395.0	396.0	0.0024803420198317213
353.0	397.0	0.026568352202594958
364.0	397.0	0.017827733311079175
375.0	397.0	0.012577363007155895
376.0	397.0	0.012636387198899797
386.0	397.0	0.005677745155987346
354.0	398.0	0.030911172042298322
364.0	398.0	0.023800622680056185
365.0	398.0	0.017432188205212664
375.0	398.0	0.016687866578679166
376.0	398.0	0.018467076506986244
377.0	398.0	0.013626864595614682
386.0	398.0	0.007340849867991556
387.0	398.0	0.007300840786594008
397.0	398.0	0.00035087741267967676
355.0	399.0	0.009856642769249413
365.0	399.0	0.007719050917636638
366.0	399.0	0.008742102676106811
376.0	399.0	0.005746453805665179
377.0	399.0	0.004910103472808125
378.0	399.0	0.012284069391409025
387.0	399.0	0.0002294186292822311
388.0	399.0	0.006827866388646797
398.0	399.0	0.006975073119399825
356.0	400.0	0.004332787182597941
366.0	400.0	0.001526831698481168
367.0	400.0	0.008467152232566444
377.0	400.0	0.005358830901779854
378.0	400.0	0.002015135016821046
379.0	400.0	0.012501230798766583
388.0	400.0	0.003441067985941182
389.0	400.0	0.006233005481563858
399.0	400.0	0.010268934374587979
357.0	401.0	0.0029944740860513575
367.0	401.0	0.0025101760521606953
368.0	401.0	0.007219793034196706
378.0	401.0	0.008962193267906093
379.0	401.0	0.0015239025140394435
380.0	401.0	0.011893121620265547
389.0	401.0	0.004744322803163281
390.0	401.0	0.005676783660685114
400.0	401.0	0.01097732828472714
358.0	402.0	0.001736066955987423
368.0	402.0	0.002860045046596666
369.0	402.0	0.006058477049239413
379.0	402.0	0.007909122076211472
380.0	402.0	0.0008376107250495327
381.0	402.0	0.009413522926389016
390.0	402.0	0.004003854301786319
391.0	402.0	0.004946916618001555
401.0	402.0	0.009433024590250916
359.0	403.0	0.00086535300044392
369.0	403.0	0.004390553270029006
370.0	403.0	0.005554566607150813
380.0	403.0	0.009078049503040126
381.0	403.0	0.0004503104592016314
382.0	403.0	0.010217385082080366
391.0	403.0	0.00445390132235744
392.0	403.0	0.0047530227549247295
402.0	403.0	0.008460456296109975
360.0	404.0	0.002396420062769411
370.0	404.0	0.0033837271403945324
371.0	404.0	0.007392193646251955
381.0	404.0	0.009019134586004484
382.0	404.0	0.0012790913345350208
383.0	404.0	0.011536293406185172
392.0	404.0	0.0041852709926206155
393.0	404.0	0.005500148000522065
403.0	404.0	0.008938293747545345
361.0	405.0	0.005309120693661045
371.0	405.0	0.0016868163305870682
372.0	405.0	0.009009854402606396
382.0	405.0	0.007764721703908739
383.0	405.0	0.002492480367741412
384.0	405.0	0.010631673498100106
393.0	405.0	0.003543665037921695
394.0	405.0	0.005317676819417527
404.0	405.0	0.00904381303844376
362.0	406.0	0.007863299018621766
372.0	406.0	0.0014429896336779352
373.0	406.0	0.00808733481429561
383.0	406.0	0.0048418443005160405
384.0	406.0	0.003197142594008538
385.0	406.0	0.008401786680914741
394.0	406.0	0.0020166478488399253
395.0	406.0	0.003919379967336015
405.0	406.0	0.0073343246682574526
363.0	407.0	0.011790501073354564
373.0	407.0	0.00586972947249303
374.0	407.0	0.008972935758382473
384.0	407.0	0.0008329364493913877
385.0	407.0	0.00590982830401624
395.0	407.0	0.00021395655399483645
396.0	407.0	0.0037389481463273367
406.0	407.0	0.005126871748020917
364.0	408.0	0.02300855608402697
375.0	408.0	0.017691570608855747
376.0	408.0	0.019176027669036894
386.0	408.0	0.010704412413274257
387.0	408.0	0.01067985204782295
397.0	408.0	0.0049546296782259375
398.0	408.0	0.0070993920166844025
365.0	409.0	0.014559450321695255
376.0	409.0	0.014461716541192444
377.0	409.0	0.011750502876866742
386.0	409.0	0.007110402107834701
387.0	409.0	0.007080524602378409
388.0	409.0	0.013668265792705414
398.0	409.0	0.002291719464871312
399.0	409.0	0.006840399404058617
408.0	409.0	0.0035037955916885685
366.0	410.0	0.00575902141864143
377.0	410.0	0.001927022215342744
378.0	410.0	0.009300988133943644
387.0	410.0	0.0027583317364531664
388.0	410.0	0.0038447851311814163
389.0	410.0	0.013518858598686456
399.0	410.0	0.002983081257465381
400.0	410.0	0.007285853117122598
409.0	410.0	0.009823480661523998
367.0	411.0	0.003767715063175414
378.0	411.0	0.002684302152569984
379.0	411.0	0.007801793629375553
388.0	411.0	0.008140505155332212
389.0	411.0	0.0015335683121728283
390.0	411.0	0.012119467072980587
400.0	411.0	0.00469943716939103
401.0	411.0	0.0062778911153361094
410.0	411.0	0.011985290286513628
368.0	412.0	0.0024256190810159417
379.0	412.0	0.0029626339191663464
380.0	412.0	0.006634898030945842
389.0	412.0	0.009230859236369071
390.0	412.0	0.0010724773218475244
391.0	412.0	0.010443196367109626
401.0	412.0	0.00448653643320579
402.0	412.0	0.004946488157045126
411.0	412.0	0.0107644275485419
369.0	413.0	0.001113438003576713
380.0	413.0	0.0038550091155694303
381.0	413.0	0.005171652219680646
390.0	413.0	0.008112895865139141
391.0	413.0	0.0004979476365911906
392.0	413.0	0.009209539407828093
402.0	413.0	0.004003939643206611
403.0	413.0	0.004456516652903364
412.0	413.0	0.008950427800251737
370.0	414.0	0.0016717318368216477
381.0	414.0	0.004136357500429068
382.0	414.0	0.006722916874662683
391.0	414.0	0.009743533458415497
392.0	414.0	0.0008034273262972428
393.0	414.0	0.011295545723448193
403.0	414.0	0.0043454751139926934
404.0	414.0	0.005337289909818629
413.0	414.0	0.009173175432816488
371.0	415.0	0.00357941741595981
382.0	415.0	0.0025189037631848654
383.0	415.0	0.007738298308465286
392.0	415.0	0.007983266090340502
393.0	415.0	0.0017021529028021787
394.0	415.0	0.010563494760141401
404.0	415.0	0.003797995097719886
405.0	415.0	0.005245817940723874
414.0	415.0	0.009451620354922677
372.0	416.0	0.006036310328814797
383.0	416.0	0.00038968263087774124
384.0	416.0	0.007710132544697748
393.0	416.0	0.006425828036540848
394.0	416.0	0.002435513820798374
395.0	416.0	0.00838396795691221
405.0	416.0	0.0028821629986191533
406.0	416.0	0.004452161669638299
415.0	416.0	0.008127980939343027
373.0	417.0	0.006971396369722055
384.0	417.0	0.002085691369275575
385.0	417.0	0.0071415716721737665
394.0	417.0	0.0031131183915392158
395.0	417.0	0.0028198490924257495
396.0	417.0	0.005546534026555837
406.0	417.0	0.0010964705426992905
407.0	417.0	0.003628800353333145
416.0	417.0	0.00554863221233759
374.0	418.0	0.0070656517804197905
385.0	418.0	0.004661497517934105
395.0	418.0	0.000655997618082641
396.0	418.0	0.003187857169463272
407.0	418.0	0.0006806303018728574
417.0	418.0	0.0021578288109347366
375.0	419.0	0.023163564970264117
386.0	419.0	0.016263947119095568
397.0	419.0	0.010586201963108222
398.0	419.0	0.014692165406641262
408.0	419.0	0.005765886936195692
376.0	420.0	0.0467823796496837
386.0	420.0	0.025728719885994514
387.0	420.0	0.025727635542552287
397.0	420.0	0.017371961880675354
398.0	420.0	0.02888498826124205
399.0	420.0	0.025331317890264004
408.0	420.0	0.010361961000084699
409.0	420.0	0.01526331361938428
419.0	420.0	0.0017907186986280332
377.0	421.0	0.010780201805160039
387.0	421.0	0.006108704818854194
388.0	421.0	0.012697964720998711
398.0	421.0	0.0009772379200558097
399.0	421.0	0.005870098332351914
400.0	421.0	0.016139032706939893
409.0	421.0	0.0009703010717067029
410.0	421.0	0.008853179589817295
420.0	421.0	0.016691445919405537
378.0	422.0	0.004677043601645614
388.0	422.0	0.0007791594011166136
389.0	422.0	0.008894914066388426
399.0	422.0	0.007607025789763411
400.0	422.0	0.0026619085848245683
401.0	422.0	0.013639236869551707
410.0	422.0	0.00462394453229803
411.0	422.0	0.007361345754215598
421.0	422.0	0.013477124122115325
379.0	423.0	0.002643083372934951
389.0	423.0	0.0036251419442677735
390.0	423.0	0.0068253425991079645
400.0	423.0	0.009858147425831632
401.0	423.0	0.0011191808588955077
402.0	423.0	0.010552205449146423
411.0	423.0	0.005158710256440602
412.0	423.0	0.005605717292101298
422.0	423.0	0.0125200560106562
380.0	424.0	0.0016300812732931496
390.0	424.0	0.0039772624263859175
391.0	424.0	0.006299978104941291
401.0	424.0	0.010119386152821158
402.0	424.0	0.0005510373816964634
403.0	424.0	0.010121313713645295
412.0	424.0	0.005044317866152312
413.0	424.0	0.005080203121793773
423.0	424.0	0.011385378164384716
381.0	425.0	0.001041192981411104
391.0	425.0	0.004230639186359254
392.0	425.0	0.005620714868404992
402.0	425.0	0.008552007394894293
403.0	425.0	0.0005226425774881785
404.0	425.0	0.010109818998055842
413.0	425.0	0.0042573985108141175
414.0	425.0	0.0052589099821586174
424.0	425.0	0.010363568725473112
382.0	426.0	0.002694294967638231
392.0	426.0	0.0032794275344927588
393.0	426.0	0.007308817153157762
403.0	426.0	0.008475502992946849
404.0	426.0	0.0012959732184708499
405.0	426.0	0.011182804694548841
414.0	426.0	0.004465560169168329
415.0	426.0	0.005447998179458812
425.0	426.0	0.009727979034137774
383.0	427.0	0.004260238183672327
393.0	427.0	0.00177590722199078
394.0	427.0	0.007085434635348442
404.0	427.0	0.007276055222512845
405.0	427.0	0.0017677578159309149
406.0	427.0	0.009102082484188367
415.0	427.0	0.003478060124792959
416.0	427.0	0.004649920814550068
426.0	427.0	0.009250265450058207
384.0	428.0	0.0054918457157123995
394.0	428.0	0.0002471261442949513
395.0	428.0	0.00618947232489544
405.0	428.0	0.005070550675122576
406.0	428.0	0.0022637739931348766
407.0	428.0	0.008219791193722379
416.0	428.0	0.0021883876765034227
417.0	428.0	0.003360244535834167
427.0	428.0	0.006838308491053491
385.0	429.0	0.006868394076133741
395.0	429.0	0.0025815030966263052
396.0	429.0	0.005286728216897161
406.0	429.0	0.0013341531483703206
407.0	429.0	0.0033040624796698346
417.0	429.0	0.00023768260567103017
418.0	429.0	0.0019201462052637064
428.0	429.0	0.003597927141505197
386.0	430.0	0.024292070406220386
397.0	430.0	0.018429296799391922
398.0	430.0	0.025624973307402685
408.0	430.0	0.013552633011941958
409.0	430.0	0.016949951895002785
419.0	430.0	0.007498107786722387
420.0	430.0	0.009330444347588604
387.0	431.0	0.017415294832563415
398.0	431.0	0.016270509532534463
399.0	431.0	0.017159018967272288
408.0	431.0	0.006945743615179987
409.0	431.0	0.010318619563213671
410.0	431.0	0.02014210022473767
420.0	431.0	7.591012210041569e-5
421.0	431.0	0.011288920634920374
430.0	431.0	0.006295065356053696
388.0	432.0	0.0074415019356155465
399.0	432.0	0.0006136355469687493
400.0	432.0	0.010882569921556728
409.0	432.0	0.006226763857089868
410.0	432.0	0.0035967168044341302
411.0	432.0	0.015582007090947758
421.0	432.0	0.005256462785383165
422.0	432.0	0.00822066133673216
431.0	432.0	0.01654538342030354
389.0	433.0	0.0029442197591728614
400.0	433.0	0.0032887857223909966
401.0	433.0	0.0076885425623361425
410.0	433.0	0.010574638839513595
411.0	433.0	0.001410651447000033
412.0	433.0	0.012175078995541933
422.0	433.0	0.005950694307215565
423.0	433.0	0.006569361703440635
432.0	433.0	0.014171355643947725
390.0	434.0	0.0019576206502201036
401.0	434.0	0.004426339947342652
402.0	434.0	0.006362586747205591
411.0	434.0	0.011606614565699747
412.0	434.0	0.0007050908283497976
413.0	434.0	0.010942052313806292
423.0	434.0	0.005706391762011353
424.0	434.0	0.006693172987592915
433.0	434.0	0.013220032924533573
391.0	435.0	0.0009488082554428027
402.0	435.0	0.003620499007843654
403.0	435.0	0.004881488443983407
412.0	435.0	0.008591268759487574
413.0	435.0	0.0004030953956954803
414.0	435.0	0.009658823567340399
424.0	435.0	0.00465216440248686
425.0	435.0	0.004712335195162611
434.0	435.0	0.010542167510465378
392.0	436.0	0.0016083733138067028
403.0	436.0	0.003947851648760455
404.0	436.0	0.006500903470581673
413.0	436.0	0.00915746463605406
414.0	436.0	0.0008146037828144362
415.0	436.0	0.010940712884032106
425.0	436.0	0.004905592672890283
426.0	436.0	0.005681402496167119
435.0	436.0	0.009681662136579536
393.0	437.0	0.0028194599589873746
404.0	437.0	0.002686981410495698
405.0	437.0	0.006367179722628405
414.0	437.0	0.008254963978079441
415.0	437.0	0.0011153594220043761
416.0	437.0	0.009252640544352382
426.0	437.0	0.004235356035991594
427.0	437.0	0.00459739920618683
436.0	437.0	0.009651256196497916
394.0	438.0	0.004009934144828309
405.0	438.0	0.0013077426745892184
406.0	438.0	0.006026581993668234
415.0	438.0	0.006553560615313092
416.0	438.0	0.0015744203240299348
417.0	438.0	0.0071230525363675246
427.0	438.0	0.0030755004905201333
428.0	438.0	0.0037628080005333575
437.0	438.0	0.007676418740071754
395.0	439.0	0.0047105625329532785
406.0	439.0	0.0007889804614785167
407.0	439.0	0.006204829626760461
416.0	439.0	0.0036631812081597825
417.0	439.0	0.0018854510041778072
418.0	439.0	0.004043279815112544
428.0	439.0	0.0014747935316563598
429.0	439.0	0.0021231336098488374
438.0	439.0	0.005237601532189717
396.0	440.0	0.005242910330391314
407.0	440.0	0.0032492933915150204
417.0	440.0	0.00027776927445410937
418.0	440.0	0.0018800595364806272
429.0	440.0	4.0086668783079205e-5
439.0	440.0	0.0021632202786319166
397.0	441.0	0.024296367966995247
408.0	441.0	0.019650003538482255
419.0	441.0	0.013710166003887025
420.0	441.0	0.018388513788835315
430.0	441.0	0.0066588501577642765
398.0	442.0	0.0463506910607214
408.0	442.0	0.020476535439425857
409.0	442.0	0.025343089378851207
419.0	442.0	0.01143696241994779
420.0	442.0	0.018692284608650477
421.0	442.0	0.026817177273204044
430.0	442.0	0.00042570165187465946
431.0	442.0	0.009666973348379168
441.0	442.0	0.00939161370472813
399.0	443.0	0.014385206212305268
409.0	443.0	0.007544806808246651
410.0	443.0	0.01736828746977065
420.0	443.0	0.004158531181779886
421.0	443.0	0.008515107879953354
422.0	443.0	0.02199223200206868
431.0	443.0	0.00277381275496702
432.0	443.0	0.013771570665336519
442.0	443.0	0.013880968285132501
400.0	444.0	0.0048079800234219205
410.0	444.0	0.0024778730937006777
411.0	444.0	0.00950741719281295
421.0	444.0	0.011331052683517973
422.0	444.0	0.0021460714385973523
423.0	444.0	0.014666127449253552
432.0	444.0	0.006074589898134808
433.0	444.0	0.008096765745812917
443.0	444.0	0.019846160563471327
401.0	445.0	0.0018544902247821793
411.0	445.0	0.00442340089055393
412.0	445.0	0.006341026657987969
422.0	445.0	0.011784746644769528
423.0	445.0	0.0007353093658866716
424.0	445.0	0.012217143446860214
433.0	445.0	0.005834052337553963
434.0	445.0	0.006547394429868814
444.0	445.0	0.01393081808336688
402.0	446.0	0.0010111328667822945
412.0	446.0	0.0051045026660069825
413.0	446.0	0.005961439988868987
423.0	446.0	0.012035182123819587
424.0	446.0	0.0004772888209231897
425.0	446.0	0.011861415055097052
434.0	446.0	0.006945952261550372
435.0	446.0	0.005498713079376372
445.0	446.0	0.012944288532818971
403.0	447.0	0.001182839627490651
413.0	447.0	0.005016422693428893
414.0	447.0	0.007572810218170654
424.0	447.0	0.013430248300214744
425.0	447.0	0.0005575111401361206
426.0	447.0	0.013577939642877047
435.0	447.0	0.005612549730816763
436.0	447.0	0.00736083628374042
446.0	447.0	0.01597098472031058
404.0	448.0	0.0021385791559436255
414.0	448.0	0.003952290233919526
415.0	448.0	0.0065610539180903996
425.0	448.0	0.009592783681402026
426.0	448.0	0.0008417665193446283
427.0	448.0	0.010610988877816975
436.0	448.0	0.005214726154509423
437.0	448.0	0.005270802097235387
447.0	448.0	0.01376560448517418
405.0	449.0	0.002753010513421139
415.0	449.0	0.0024928074273027345
416.0	449.0	0.005635173512040292
426.0	449.0	0.008173172487164171
427.0	449.0	0.0009852526974902243
428.0	449.0	0.007823561188543715
437.0	449.0	0.003611019164715217
438.0	449.0	0.0040607531880103576
448.0	449.0	0.009463737478887206
406.0	450.0	0.0036430307282223073
416.0	450.0	0.000809130941415992
417.0	450.0	0.004739501270921598
427.0	450.0	0.00545905175596606
428.0	450.0	0.0013792567350874307
429.0	450.0	0.004977183876592628
438.0	450.0	0.0023835512654459268
439.0	450.0	0.0028540502667437906
449.0	450.0	0.006444304453456284
407.0	451.0	0.005248683764282838
417.0	451.0	0.0011856273666341344
418.0	451.0	0.003343456177568871
428.0	451.0	0.0021746171692000327
429.0	451.0	0.0014233099723051645
439.0	451.0	0.0006998236375436728
440.0	451.0	0.0014633966410882437
450.0	451.0	0.0035538739042874634
408.0	452.0	0.02006547256830531
419.0	452.0	0.014115094843649013
420.0	452.0	0.01899094024205908
430.0	452.0	0.007070453182066102
431.0	452.0	0.01294897479262944
441.0	452.0	0.000392625793799589
442.0	452.0	0.010001180902555253
409.0	453.0	0.015859949845536625
420.0	453.0	0.008080066401095095
421.0	453.0	0.016830250917243328
430.0	453.0	0.0005731521610482349
431.0	453.0	0.005541330282322954
432.0	453.0	0.022086713702626493
442.0	453.0	0.0012485472268710174
443.0	453.0	0.008315143037289974
452.0	453.0	0.0074026719052237375
410.0	454.0	0.005773097622741863
421.0	454.0	0.003080081967075432
422.0	454.0	0.010397042155039893
431.0	454.0	0.014369002601995806
432.0	454.0	0.0021763808183077327
433.0	454.0	0.016347736462255458
443.0	454.0	0.011595189847028786
444.0	454.0	0.00825097071644254
453.0	454.0	0.01991033288431876
411.0	455.0	0.0020826322054930957
422.0	455.0	0.005278713548722502
423.0	455.0	0.0072413424619336975
432.0	455.0	0.013499374885454662
433.0	455.0	0.0006719807584930626
434.0	455.0	0.013988604136679192
444.0	455.0	0.007424784987319855
445.0	455.0	0.006506033096047026
454.0	455.0	0.015675755703762395
412.0	456.0	0.0009418251385979217
423.0	456.0	0.005598842798865475
424.0	456.0	0.00710648542660788
433.0	456.0	0.013263876767638374
434.0	456.0	0.0002607649582088078
435.0	456.0	0.010979602875662492
445.0	456.0	0.006456790879898418
446.0	456.0	0.007412501869884574
455.0	456.0	0.014047933967215839
413.0	457.0	0.0007444919493617891
424.0	457.0	0.005509700667877885
425.0	457.0	0.0060857121540712125
434.0	457.0	0.012894536419987751
435.0	457.0	0.00025699388996117746
436.0	457.0	0.012497316513180664
446.0	457.0	0.006694084216552346
447.0	457.0	0.007821620029763948
456.0	457.0	0.013504883514499905
414.0	458.0	0.0012516573510019668
425.0	458.0	0.004447208983707833
426.0	458.0	0.006100206335493208
435.0	458.0	0.009236544471075107
436.0	458.0	0.0004826124151236282
437.0	458.0	0.010012086442802225
447.0	458.0	0.006717653090733918
448.0	458.0	0.005668539447735531
457.0	458.0	0.011922479660804395
415.0	459.0	0.0016646807250917384
426.0	459.0	0.0036281443500513146
427.0	459.0	0.005142740849884697
436.0	459.0	0.008994721653530288
437.0	459.0	0.0005512260609237487
438.0	459.0	0.00821824134040483
448.0	459.0	0.004622660554136306
449.0	459.0	0.004157488152394473
458.0	459.0	0.009357864566606667
416.0	460.0	0.002289608558924572
427.0	460.0	0.0023603122556254963
428.0	460.0	0.0044779962354279945
437.0	460.0	0.006960412173845245
438.0	460.0	0.000715188234894637
439.0	460.0	0.005952789767084354
449.0	460.0	0.0033455649531157206
450.0	460.0	0.0030987395003405638
459.0	460.0	0.0075030531055101934
417.0	461.0	0.0028150257140351354
428.0	461.0	0.0005452188217990317
429.0	461.0	0.0030527083197061655
438.0	461.0	0.004308026822332389
439.0	461.0	0.0009295747098573282
440.0	461.0	0.0030927949884892447
450.0	461.0	0.0019244755568864624
451.0	461.0	0.001629398347401001
460.0	461.0	0.005023215057227026
418.0	462.0	0.0029068638424121773
429.0	462.0	0.000986717637148471
439.0	462.0	0.0011364159727003664
440.0	462.0	0.0010268043059315501
451.0	462.0	0.0004365923351566936
461.0	462.0	0.0020659906825576946
419.0	463.0	0.021920716642470528
430.0	463.0	0.015136969245348636
441.0	463.0	0.008210550638583503
442.0	463.0	0.02186513728954527
452.0	463.0	0.007825292719239587
420.0	464.0	0.1446866342635681
430.0	464.0	0.09325372083431918
431.0	464.0	0.09653113512528562
441.0	464.0	0.08349233872831001
442.0	464.0	0.13945278679047557
443.0	464.0	0.09941410970493865
452.0	464.0	0.08316212151104799
453.0	464.0	0.09077172893869584
463.0	464.0	0.07495866653518762
421.0	465.0	0.013457937755837479
431.0	465.0	0.002169017120917105
432.0	465.0	0.018714400541220644
442.0	465.0	0.006371787994245684
443.0	465.0	0.004942829875884125
444.0	465.0	0.02478899043935545
453.0	465.0	0.003372313161405849
454.0	465.0	0.01653801972291291
464.0	465.0	0.09427675756817089
422.0	466.0	0.0035253986102582457
432.0	466.0	0.004695262726473914
433.0	466.0	0.00947609291747381
443.0	466.0	0.018466833391810433
444.0	466.0	0.0013793271716608935
445.0	466.0	0.015310145255027774
454.0	466.0	0.006871643544781647
455.0	466.0	0.008804112158980748
465.0	466.0	0.023409663267694558
423.0	467.0	0.001097127803555864
433.0	467.0	0.005472233899884771
434.0	467.0	0.006961220617153783
444.0	467.0	0.013568999645697688
445.0	467.0	0.0003618184376691924
446.0	467.0	0.013391626042497726
455.0	467.0	0.006144214658377833
456.0	467.0	0.006878955275841206
466.0	467.0	0.014948326817358581
424.0	468.0	0.0006178603996947079
434.0	468.0	0.005674183622319121
435.0	468.0	0.004957990288924117
445.0	468.0	0.011054571206884783
446.0	468.0	0.0002339022256727186
447.0	468.0	0.013226250461880355
456.0	468.0	0.0060403359059975
457.0	468.0	0.0058326035620705876
467.0	468.0	0.011443026844600742
425.0	469.0	0.0006062564176490895
435.0	469.0	0.003964092618110651
436.0	469.0	0.005347467187338397
446.0	469.0	0.010592896974339983
447.0	469.0	0.000266815498778272
448.0	469.0	0.009822675664598149
457.0	469.0	0.005107194183843928
458.0	469.0	0.00490768302357056
468.0	469.0	0.009343510641559133
426.0	470.0	0.0010670418119135584
436.0	470.0	0.003974103541727399
437.0	470.0	0.004850982981359108
447.0	470.0	0.010609696946870367
448.0	470.0	0.0003783552152702465
449.0	470.0	0.00845233083604291
458.0	470.0	0.0043586026711290166
459.0	470.0	0.004294842683648437
469.0	470.0	0.008056796625919163
427.0	471.0	0.0014819372761217808
437.0	471.0	0.0031137662705928277
438.0	471.0	0.004557437766641914
448.0	471.0	0.008885386281155467
449.0	471.0	0.0004966845786315566
450.0	471.0	0.006940989032087841
459.0	471.0	0.0036608035737629163
460.0	471.0	0.003842249531747277
470.0	471.0	0.007955646257411353
428.0	472.0	0.0020239415694832674
438.0	472.0	0.00173886643105009
439.0	472.0	0.0034987351011396273
449.0	472.0	0.005799619619060448
450.0	472.0	0.0006446848343958367
451.0	472.0	0.0041985587386833
460.0	472.0	0.002454054665944727
461.0	472.0	0.002569160391282299
471.0	472.0	0.006296304197692004
429.0	473.0	0.0022681044322258037
439.0	473.0	0.00014497082237696635
440.0	473.0	0.002308191101008883
450.0	473.0	0.0027090794443668242
451.0	473.0	0.0008447944599206392
461.0	473.0	0.0007846038874803618
462.0	473.0	0.0012813867950773328
472.0	473.0	0.003353764278762661
