1.0	0.10337066035929947
2.0	0.08309123755432365
3.0	0.030207090008314025
4.0	0.021934019992279858
5.0	0.007746776088131769
6.0	0.007241646815941194
7.0	0.003889713793210188
8.0	0.0037788320670491516
9.0	0.0011113791275380255
10.0	0.0005812361859894728
11.0	0.00013441664025372788
12.0	0.06537143801426688
13.0	0.2067909608784825
14.0	0.07633173325969872
15.0	0.021947765597069235
16.0	0.00993776258576298
17.0	0.006590803818060763
18.0	0.005708532645722843
19.0	0.004186574823791366
20.0	0.002063031019714939
21.0	0.002216407273333292
22.0	0.00038780951179326784
23.0	0.02315806053353721
24.0	0.09440691844272711
25.0	0.046106420180103275
26.0	0.053106995402144294
27.0	0.008282934135473971
28.0	0.010761925542210294
29.0	0.008585639803472931
30.0	0.0020742009897902307
31.0	0.0027984057083133913
32.0	0.0007263442336253649
33.0	0.00029643920273313205
34.0	0.017196119586186335
35.0	0.018989836239253967
36.0	0.04449328310481751
37.0	0.015205193750918345
38.0	0.009687715390067528
39.0	0.005267137850226859
40.0	0.0036918413483437913
41.0	0.0029048483738062982
42.0	0.0014506924894939531
43.0	0.001216596751877592
44.0	0.0003500308189613014
45.0	0.008632122179766563
46.0	0.02171241193755431
47.0	0.011469306388816004
48.0	0.010725283181012023
49.0	0.027246748866662167
50.0	0.0040013196433360786
51.0	0.00287071920202418
52.0	0.002470309150678373
53.0	0.0014746739375556042
54.0	0.0005668348291576205
55.0	0.0005760518165571752
56.0	0.006329109514589786
57.0	0.012040141622835284
58.0	0.005607571819296133
59.0	0.008141638971810354
60.0	0.0061768267354467814
61.0	0.011237569028146672
62.0	0.007063216917200462
63.0	0.0026710935957080994
64.0	0.0015594519336168324
65.0	0.0008057463136877716
66.0	0.0002928107106829867
67.0	0.001906231225351961
68.0	0.017855936338124476
69.0	0.0032261535832649145
70.0	0.007670360047611353
71.0	0.0037676438201446586
72.0	0.0029170593367536706
73.0	0.0017158252482021845
74.0	0.0037229180924752817
75.0	0.000992605074489973
76.0	0.0007450534802361791
77.0	0.00022958196157672249
78.0	0.0022454453064212256
79.0	0.0022671066795672107
80.0	0.0037715734597689047
81.0	0.003716157507226873
82.0	0.0028914115569880225
83.0	0.003434677823879554
84.0	0.0011078331549840203
85.0	0.0008567423802471185
86.0	0.0008389801187650449
87.0	0.0010725675250939646
88.0	0.0003386414065137051
89.0	0.0036716799254895354
90.0	0.0028714126395407223
91.0	0.0023249124951253974
92.0	0.0015248312119235555
93.0	0.00438307124023179
94.0	0.002670408512317041
95.0	0.0008865029049794053
96.0	0.0017674188559999257
97.0	0.0005142683863076859
98.0	0.00037807328088189813
99.0	0.0004440905476888356
100.0	0.0014754287894637426
101.0	0.0012956532482271623
102.0	0.0007202988287130631
103.0	0.0014445393134823003
104.0	0.0006380551047933902
105.0	0.0006751046492955391
106.0	0.0018077755550157972
107.0	0.001151154001785994
108.0	0.00028597975069805597
109.0	0.0002480718377875274
110.0	0.00011568542650370001
111.0	0.000289790325366205
112.0	0.00024346463350159944
113.0	0.0002700885003653178
114.0	0.00032414596319194577
115.0	0.0004957666940315427
116.0	0.0003258835220423588
117.0	0.0003110482122019949
118.0	0.00040265640587436297
119.0	0.000221704805155188
120.0	0.00011868201073726985
121.0	7.939735920872202e-5
122.0	1.0
123.0	0.08925711482523042
124.0	0.03385311004105809
125.0	0.028832683955342945
126.0	0.025771297180744755
127.0	0.010186767060768695
128.0	0.011018985679666386
129.0	0.004729416064163248
130.0	0.0030997434227552014
131.0	0.0016224160801901273
132.0	0.0006062743813316854
133.0	0.06896956768979386
134.0	0.1859284040760889
135.0	0.05430287853388892
136.0	0.02282052627449087
137.0	0.04306707158323095
138.0	0.009717966809704031
139.0	0.00834423743941712
140.0	0.004813259828991013
141.0	0.0023014488974988988
142.0	0.0017978350667786022
143.0	0.001620378588212472
144.0	0.04413254822039689
145.0	0.11474946686814652
146.0	0.06783324928590652
147.0	0.019818005551114282
148.0	0.01752710074897247
149.0	0.014308308661359273
150.0	0.005267900685250908
151.0	0.0038030823386917267
152.0	0.0046402852481351176
153.0	0.0011660672113754556
154.0	0.0008566922452006774
155.0	0.014964542938617733
156.0	0.05234257898171262
157.0	0.07582476034758276
158.0	0.06140716638115602
159.0	0.011542668099881498
160.0	0.009593596264281126
161.0	0.009371910719646026
162.0	0.004556253148505461
164.0	0.00180028926516474
165.0	0.0009876218181625483
166.0	0.012566827849034278
167.0	0.017752006376296744
168.0	0.024672496510290423
169.0	0.0240361824495747
170.0	0.016433346460866503
171.0	0.011487596875627386
172.0	0.005167135665896339
173.0	0.003735792808881192
174.0	0.0029632713359661303
175.0	0.0021454071695823037
176.0	0.0005425821312825872
177.0	0.01833427090632704
178.0	0.02835815352297083
179.0	0.014187130110782945
180.0	0.010621720359028195
181.0	0.006566816451440385
182.0	0.005143453899612362
183.0	0.0038054492582242387
184.0	0.0021309526379558364
185.0	0.0025172295499311134
186.0	0.0011222612333787825
187.0	0.00046872837649142545
188.0	0.003834754238182675
189.0	0.007266874547948517
190.0	0.007823314250677676
191.0	0.006183078448674733
192.0	0.00626868385463371
193.0	0.004487288596859964
194.0	0.003188932969194342
195.0	0.0019936292537056062
196.0	0.0017737108221370333
197.0	0.0018058819908278528
198.0	0.00045853391263863985
199.0	0.002336129759810778
200.0	0.014577762912810011
201.0	0.005221252870978762
202.0	0.006201764560482047
203.0	0.0026943824877724994
204.0	0.0030330459084502766
205.0	0.0029270045064070573
206.0	0.0019610012279657188
207.0	0.0012001583347110057
208.0	0.0011472944544340538
209.0	0.0003156155317479561
210.0	0.003226923110672994
211.0	0.002289856503466774
212.0	0.003652847973049578
213.0	0.004736559571607355
214.0	0.003347731473794195
215.0	0.0014781298542394248
216.0	0.00126624460663306
217.0	0.0009756200303478772
218.0	0.0007175075786832734
219.0	0.00047731234517349604
220.0	0.0010980347562020818
221.0	0.0031707887080171587
222.0	0.0042571497318606676
223.0	0.0016057907662405876
224.0	0.0018740266839381327
225.0	0.004223793029947804
226.0	0.0026485963883490825
227.0	0.001219699019553092
228.0	0.0012104611646943323
229.0	0.002577253895902535
230.0	0.000757395555475123
231.0	0.00034078326377078375
232.0	0.000525990918906306
233.0	0.0027869234854518954
234.0	0.0006981566856944102
235.0	0.0007312813566584553
236.0	0.0007649893717087049
237.0	0.001287514284766704
238.0	0.0007574149676393393
239.0	0.000577156873051362
240.0	0.0003502225861297866
241.0	0.0003470522671978131
242.0	0.00032763109876859237
243.0	0.09115718855625451
244.0	0.10552471826808975
245.0	0.035586097578648425
246.0	0.025467619379087113
247.0	0.024545649723169714
248.0	0.019486051654161618
249.0	0.0060392068997522684
250.0	0.009134962840742729
251.0	0.0014680540967184476
252.0	0.0012530258804651466
253.0	0.0010171920208760696
254.0	0.13900963568799923
255.0	0.1211581433948532
256.0	0.048791622264381176
257.0	0.020422652206744364
258.0	0.03409806034752472
259.0	0.012249765291843689
260.0	0.0130880562233251
261.0	0.008382167152228438
262.0	0.006219788027859618
263.0	0.0053263987128228255
264.0	0.0024390352175251368
265.0	0.04328391062148424
266.0	0.06280264546286615
267.0	0.03359648428582236
268.0	0.02752993971803012
269.0	0.015268397176355827
271.0	0.005275019935753846
272.0	0.008048475216860416
273.0	0.006149785708565678
274.0	0.0019376078992658938
275.0	0.0022338710439365294
276.0	0.03019338394088461
277.0	0.038821343641688114
278.0	0.03870737929537373
279.0	0.013204310970791455
280.0	0.011797471367995353
281.0	0.01912544229683271
282.0	0.00404142730993229
283.0	0.003155360640287189
284.0	0.0026501860656824605
285.0	0.0019534297232711886
286.0	0.0017339594309152945
287.0	0.01969968843738111
288.0	0.024090913972572164
289.0	0.014088606615348512
290.0	0.025420908047606945
291.0	0.014477387778313729
292.0	0.015616033354534532
293.0	0.009197356836849305
294.0	0.002920446088256765
295.0	0.0032356820239526794
296.0	0.0024279072037217374
297.0	0.0016322827972933517
298.0	0.015507353777755705
299.0	0.022112927333345814
300.0	0.02702446319844702
301.0	0.010490536925499401
302.0	0.0065938864543988885
303.0	0.0046108969123153975
304.0	0.0029655297738905486
305.0	0.005213964992654535
306.0	0.0014435378272416868
307.0	0.0029511237880901907
308.0	0.001124851509824967
309.0	0.006751600809745545
310.0	0.005404191505094411
311.0	0.013095657996627447
312.0	0.005897454972189486
313.0	0.006663865552136454
314.0	0.006387402441946586
315.0	0.002338198540549121
316.0	0.0017118214401054125
317.0	0.0013739893386714
318.0	0.0019842397164656755
319.0	0.000549813343083777
320.0	0.005404663349542358
321.0	0.004627740489398569
322.0	0.005039500566582551
323.0	0.004766855003352503
324.0	0.004098019173986013
325.0	0.0030225782685569923
326.0	0.0020760975829461556
327.0	0.0014401595855960817
328.0	0.0016515766175786114
329.0	0.0008047982924564254
330.0	0.0004875828255648317
331.0	0.0018101974861683648
332.0	0.0029768510016033273
333.0	0.0036392910745500083
334.0	0.0029599827739201583
335.0	0.0020494862970381863
336.0	0.003370481112489965
337.0	0.002149319434740424
338.0	0.0013341761529867332
339.0	0.0012979055041889942
340.0	0.0017280437185222598
341.0	0.000411368009399297
342.0	0.0015493208719318933
343.0	0.0026389803030195335
344.0	0.0026102551328242
345.0	0.0020670484224462804
346.0	0.004726823989312678
347.0	0.0021748133221946306
348.0	0.0013642580817456104
349.0	0.00109440882953157
350.0	0.0008570051003138628
351.0	0.0012611801578673912
352.0	0.000452643974159889
353.0	0.0016467710478247097
354.0	0.00291752479703235
355.0	0.003108004170904111
356.0	0.0022663217682993325
357.0	0.0009274355033438292
358.0	0.0021834795279655947
359.0	0.0007234600153839002
360.0	0.0008722953826881321
361.0	0.0006154900435173569
362.0	0.001876538262689344
363.0	0.0002997212940465858
364.0	0.03701585426079693
365.0	0.04960977455615677
366.0	0.05771563590117467
367.0	0.019911618321857574
368.0	0.023192724108434825
369.0	0.007468031200054401
370.0	0.010130706473004849
371.0	0.003544107311695614
372.0	0.00206055073268583
373.0	0.0012483834155592164
374.0	0.0011663419568365319
375.0	0.0372714471078243
376.0	0.04808533227171943
377.0	0.06413928994667956
378.0	0.043717157124522975
380.0	0.01738269145150216
381.0	0.011339589265074976
382.0	0.009196767463617323
383.0	0.006232065448028551
384.0	0.0052409045145679735
385.0	0.002836108976081894
386.0	0.026061487920475686
387.0	0.08590632581176952
388.0	0.024179111079228825
389.0	0.02920991978640016
390.0	0.011881122019394086
391.0	0.007664120981129309
392.0	0.004342065990340113
393.0	0.006797584774482078
394.0	0.0022141875991090387
395.0	0.002564134502089808
396.0	0.0012325984046575008
397.0	0.01562161380526145
398.0	0.029813178960074443
399.0	0.02664157373262633
400.0	0.012599725002371307
401.0	0.0110350661139921
402.0	0.006360634238934484
403.0	0.006416504169786452
404.0	0.009572495481128646
405.0	0.0034232889310835623
406.0	0.0026830910756040355
407.0	0.001627299549647446
408.0	0.011143285341866076
409.0	0.019094586775468606
410.0	0.011207495300168882
411.0	0.010275567427092739
412.0	0.01027938998848097
413.0	0.016302004695986572
414.0	0.01141738444158451
415.0	0.007494764057398615
416.0	0.0022953704706318123
417.0	0.0015896635001749937
418.0	0.0017142407519432257
419.0	0.005168869713602829
420.0	0.02598441371723861
421.0	0.013317339307316827
422.0	0.012289367029701036
423.0	0.008023412129008893
424.0	0.003647989080678636
425.0	0.009031537844698942
426.0	0.002387650588690307
427.0	0.002655421404384693
428.0	0.0021785735790977863
429.0	0.0030300434114810143
430.0	0.0035611478692014354
431.0	0.035348733935954064
432.0	0.0063997081762103315
433.0	0.006559893181669967
434.0	0.004515562336121091
435.0	0.0076353372388686825
436.0	0.0022553554324562792
437.0	0.006345956323632953
438.0	0.0015579091119921396
439.0	0.0011008236034781816
440.0	0.0024753320806583995
441.0	0.0035350850034861674
442.0	0.0075913823319867894
443.0	0.0047874697778711615
444.0	0.003860987689485417
445.0	0.004246451526106379
446.0	0.00270011152384897
447.0	0.004012605363950094
448.0	0.0022778355094313484
449.0	0.001699879053114581
450.0	0.0013147557250680188
451.0	0.000517969506552876
452.0	0.0021177155907770315
453.0	0.007080746196734549
454.0	0.004709634206399707
455.0	0.002504458199910969
456.0	0.002379703462558244
457.0	0.0018285450759027689
458.0	0.0016689767965004177
459.0	0.001776171335540281
460.0	0.0029851862657786186
461.0	0.0007162232464834114
462.0	0.0005540683481429827
463.0	0.002368843012882562
464.0	0.0035145081816118327
465.0	0.002412033072228588
466.0	0.0018428387989874607
467.0	0.0018309335626456567
468.0	0.0028018150818928935
469.0	0.0015997311047227306
470.0	0.0014145998622665567
471.0	0.0030164676669619007
472.0	0.0018325707389203292
473.0	0.0006989157241656377
474.0	0.001033457983233807
475.0	0.005390568836170735
476.0	0.0021250075202931444
477.0	0.003191776019261725
478.0	0.007338462861674511
479.0	0.0014997193646261008
480.0	0.0011745297039674144
481.0	0.0011774439853851782
482.0	0.0006005751515920901
483.0	0.00041083532285337036
484.0	0.00045255397001611763
485.0	0.0395897627865247
486.0	0.0747279199837487
487.0	0.01691254861671376
488.0	0.02611305412681938
489.0	0.008580132165773253
490.0	0.009414903295517132
491.0	0.011355944302376424
492.0	0.01230786894292521
493.0	0.0025837889080894223
494.0	0.0016465821094135834
495.0	0.0014315492298627016
496.0	0.042917497626032135
497.0	0.02569995723696991
498.0	0.029573597814368788
499.0	0.02303076808684514
500.0	0.02012054283774728
501.0	0.013057980434581382
502.0	0.008135947509052097
503.0	0.004766032632188432
504.0	0.005111410796545219
505.0	0.005552617101645008
506.0	0.0012963402220619131
507.0	0.01440853632934802
508.0	0.051182110243365754
509.0	0.07466135287750901
510.0	0.018434021702759384
511.0	0.014250933645509768
512.0	0.00954303484688601
513.0	0.009760183606098446
514.0	0.0037386572033405842
515.0	0.0024318763157996307
516.0	0.0030105375688964427
517.0	0.0016788138315239752
518.0	0.0124131637738196
519.0	0.016678343622884697
520.0	0.01736548744440968
521.0	0.016435849781728157
522.0	0.01047327437578745
523.0	0.00650162444043744
524.0	0.00994656580746689
525.0	0.008437287698860688
526.0	0.0062497038249378625
527.0	0.0017150764784486323
528.0	0.0018701214107354359
529.0	0.012102336105665395
530.0	0.013617310042106886
531.0	0.019648543826220326
532.0	0.008720412075004394
533.0	0.008078895525007955
534.0	0.0067017940417408795
535.0	0.004501590007923212
536.0	0.0065743118399856195
537.0	0.005814656432752901
538.0	0.004228337536421986
539.0	0.0009444852439155845
540.0	0.008298382596536421
541.0	0.011166267334598351
542.0	0.010406975956647416
543.0	0.016387049256522172
544.0	0.005196304706101332
545.0	0.004193516095534926
546.0	0.004446777250066075
547.0	0.004326672123142215
548.0	0.005386942038001344
549.0	0.001570569292944917
550.0	0.001069289382575386
551.0	0.017111003273869003
552.0	0.012390347458080897
553.0	0.020370859825123915
554.0	0.006814824461855101
555.0	0.005606135284959355
556.0	0.005025999975144757
557.0	0.0025612523494296133
558.0	0.0028515548915725897
559.0	0.007000623162150729
560.0	0.002630887885659204
561.0	0.002103780567161604
562.0	0.0029509133334127023
563.0	0.00554102490860109
564.0	0.008742368011885406
565.0	0.004870479071698953
566.0	0.00347228770172196
567.0	0.00486299959991977
568.0	0.004434679379424971
569.0	0.0012663128708504069
570.0	0.0019338845072952714
571.0	0.0010042046939617486
572.0	0.0004849770669761669
573.0	0.0028547219062950444
574.0	0.007750409785176738
576.0	0.005280563782757506
577.0	0.002147088891892432
578.0	0.0035057707604981433
579.0	0.0020684278206686596
580.0	0.005570444160253947
581.0	0.0008245186559255197
582.0	0.0019651167591763765
583.0	0.0016264312568550203
584.0	0.004940199931596464
585.0	0.00410598650766465
586.0	0.0034850452400962476
587.0	0.002439671752101474
588.0	0.0014617934776221702
589.0	0.0020419955206956836
590.0	0.0033500485770634504
591.0	0.0008259766938477141
592.0	0.0010789592958456947
593.0	0.0007805472925647397
594.0	0.0007719833971801995
595.0	0.001370677345257539
596.0	0.003005855897733581
597.0	0.005087316240947765
598.0	0.0012587158749483138
599.0	0.0010036749591946735
600.0	0.007826147871610395
601.0	0.0014041742443524426
602.0	0.0011420092030079558
603.0	0.0010159711477609505
604.0	0.0008557989535654194
605.0	0.00035856899918769073
606.0	0.021304970865786116
607.0	0.03393249230330579
608.0	0.039595327519627285
609.0	0.03344443785297036
610.0	0.007268229354070113
611.0	0.011789687048323982
612.0	0.003749268074448395
613.0	0.006537781478916572
614.0	0.011075314392315861
615.0	0.002408358312490588
616.0	0.0008614149000607333
617.0	0.0558503623434597
618.0	0.06608675816443822
619.0	0.032887181679683526
620.0	0.032336216373960155
621.0	0.01198272128131675
622.0	0.007403154069324398
623.0	0.0271803999687986
624.0	0.004395396607989074
625.0	0.0026899665620233795
626.0	0.0024443789063876152
627.0	0.0015012406129295815
628.0	0.017538746664649843
629.0	0.03233767478876145
630.0	0.02893786051426247
631.0	0.020694282844834568
632.0	0.009394486210676518
633.0	0.010193167490237296
634.0	0.008534434768360386
635.0	0.003543515381082556
636.0	0.0025467048274414187
637.0	0.00291591698369554
638.0	0.0019067338410895893
639.0	0.012443006179939806
640.0	0.027806461666967333
641.0	0.016623777800818855
642.0	0.04005799699825067
643.0	0.011677863803804327
644.0	0.012200341164819344
645.0	0.00387574375804497
646.0	0.005726848478855223
647.0	0.002417954148386161
648.0	0.005256666527193672
649.0	0.0016182862835183722
650.0	0.011189541830217805
651.0	0.019885052787134625
652.0	0.012738501938259513
653.0	0.01161337978825461
654.0	0.007959598155837801
655.0	0.0049109571541931015
656.0	0.004267669778467894
657.0	0.0028561588843751644
658.0	0.0037348946430711964
659.0	0.003451006981231221
660.0	0.0011945829613456914
661.0	0.010615080355619696
662.0	0.017327103645875187
663.0	0.016321602244465352
664.0	0.009886254870119942
665.0	0.0043967876483514785
666.0	0.006462284514352357
667.0	0.007381275860577566
668.0	0.014865123488012052
669.0	0.0022612786404474783
670.0	0.0033755537978519433
671.0	0.001008222647014568
672.0	0.006736807394220204
673.0	0.006679787393601415
674.0	0.014457694832311966
675.0	0.00684545995303219
676.0	0.006736593230569604
677.0	0.006590679411901585
678.0	0.002784600345996752
679.0	0.00201270839016824
680.0	0.003570357041176367
681.0	0.0018077464845892104
682.0	0.0007520998189362659
683.0	0.0040525128789292795
684.0	0.005174278705443784
685.0	0.0105531340446707
686.0	0.005714933932198315
687.0	0.003454511582800578
688.0	0.0022566106998965474
689.0	0.0022419214952909767
690.0	0.0037155630030955974
691.0	0.003019923734202721
693.0	0.001969706751615454
694.0	0.00502511328195379
695.0	0.004530879675097206
696.0	0.006766078073271262
697.0	0.0027340469046169885
698.0	0.002381988313053434
699.0	0.0028707686258933217
700.0	0.0032892965554421503
701.0	0.0033135636799671306
702.0	0.0009602643929812725
703.0	0.0009351913613655436
704.0	0.0012635161451897531
705.0	0.002502444654473522
706.0	0.003552687132513796
707.0	0.004305746431248016
708.0	0.004837448579961693
709.0	0.0026904290556729557
710.0	0.007821615151028857
711.0	0.0017050902895342538
712.0	0.0026269297190958897
713.0	0.001011052255895681
714.0	0.001230033905791115
715.0	0.0005897463711424205
716.0	0.001768662647711169
717.0	0.0035679500681897623
718.0	0.0014459538489532144
719.0	0.002239921699673625
720.0	0.002506122812240625
721.0	0.0010559950734114164
722.0	0.0007594379045449938
723.0	0.0007401349584457746
724.0	0.0007919996271395377
725.0	0.0013370622417614641
726.0	0.0009103705689079972
727.0	0.019662659042263803
728.0	0.0388584977590972
729.0	0.06885472662347353
730.0	0.016678095582139823
731.0	0.00899444721193078
732.0	0.02527398164671191
733.0	0.0036274666630815976
734.0	0.006957267405772359
735.0	0.0031325785044400015
736.0	0.001359004704645442
737.0	0.001345211627065785
738.0	0.053903829023044955
739.0	0.05085808483526626
740.0	0.046556934985919673
741.0	0.01920890756424547
742.0	0.01078392170245787
743.0	0.00734207231242493
744.0	0.008329360879553604
745.0	0.014926470443462089
746.0	0.0028847867038048775
747.0	0.0019330369516717806
748.0	0.0013430945371433567
749.0	0.02328567242994656
750.0	0.062390627624028756
751.0	0.07880819792619476
752.0	0.01760871564335236
753.0	0.015599333563055985
754.0	0.010941865161418665
755.0	0.008138617975072752
756.0	0.00340904074744011
757.0	0.0024756040120291795
758.0	0.002402054147371778
759.0	0.0019416675946600185
760.0	0.01507746103956023
761.0	0.046677574153615
762.0	0.02221423396199058
763.0	0.015052923928964537
764.0	0.01783649068281027
765.0	0.008659316722099263
766.0	0.004382014305943821
767.0	0.002860274509402258
768.0	0.0069227452013246584
769.0	0.0020424782339977443
770.0	0.001768826540705817
771.0	0.012495333659357958
772.0	0.02372719521366156
773.0	0.01615323944363937
774.0	0.011159713352775042
775.0	0.006735327570121263
776.0	0.006145657213249817
777.0	0.004882620874751114
778.0	0.007799256976701576
779.0	0.0023426998824991998
780.0	0.0022316146269888
781.0	0.0022567516886044165
782.0	0.01104660037571031
783.0	0.014202770604914126
784.0	0.009165937327857305
785.0	0.00742654306406727
786.0	0.00536734491406036
787.0	0.004490209899052272
788.0	0.0077305273525770015
789.0	0.002790676960522792
790.0	0.003980886796002176
791.0	0.001473550689220815
792.0	0.0009140049709209849
793.0	0.006410091438908419
794.0	0.009667701491839261
795.0	0.00682725138462427
796.0	0.005789409967908774
797.0	0.007584483526980708
798.0	0.0031337335385845364
799.0	0.01143348601058459
800.0	0.00895190054036515
801.0	0.00304792433365402
802.0	0.0013587161182735956
803.0	0.0007905310970829387
804.0	0.005856735269562045
805.0	0.0062125805863566565
806.0	0.008344171196660182
807.0	0.006046719413138835
808.0	0.004083260728079006
809.0	0.004035446745189902
810.0	0.002200237344984117
811.0	0.004929029113584494
812.0	0.0013997996516834955
813.0	0.001080866750167407
814.0	0.0010601378323964858
815.0	0.0027194515250109222
816.0	0.004032573436086136
817.0	0.004615675900178174
818.0	0.004503829241162364
819.0	0.0028807607904070345
820.0	0.002211077863303565
821.0	0.0017208070113139018
822.0	0.0013486004346822693
823.0	0.00107070244214071
824.0	0.0015612191202552484
825.0	0.0007068608781994259
826.0	0.00582323945460407
827.0	0.0032742348994496432
828.0	0.006494846214160235
829.0	0.0037296446888328027
830.0	0.001983930076889199
831.0	0.005861794642518523
832.0	0.001390379597297669
834.0	0.001469661724055739
835.0	0.0010651067796285491
836.0	0.0008230980958799877
837.0	0.0011389751652096892
838.0	0.002001948103382124
839.0	0.0037250992747716962
840.0	0.0014852355241008895
841.0	0.0014727674987614525
842.0	0.0018822801638724116
843.0	0.003914357757544284
844.0	0.0007820310381311703
845.0	0.0007565902840558619
846.0	0.0005563488534996402
847.0	0.001299472313537549
848.0	0.059294440653410115
849.0	0.06865508764855174
850.0	0.03609692100797113
851.0	0.016608575013269882
852.0	0.0179809380252999
853.0	0.015268757047801422
854.0	0.01266173239500254
855.0	0.0032341336293494004
856.0	0.0017282561366291772
857.0	0.0011903006591134594
858.0	0.0005416103620289835
859.0	0.08334290975040926
860.0	0.14718320882803332
861.0	0.04473213330283241
862.0	0.02596389781779625
863.0	0.013353337155823724
864.0	0.009255698880252818
865.0	0.006568009782584157
866.0	0.007046837502770399
867.0	0.004152242601392155
868.0	0.004100803804772978
869.0	0.0010621791418470126
870.0	0.061375452556614515
871.0	0.040173308358587095
872.0	0.12306984429269271
873.0	0.022292259165052147
874.0	0.013487505139900562
875.0	0.00769010765884854
876.0	0.006097745158955942
877.0	0.008394689336681862
878.0	0.0023940897372522647
879.0	0.0013202872459365887
880.0	0.002115725596299642
881.0	0.04064049491315778
882.0	0.027330560019537112
883.0	0.05124025518668926
884.0	0.017779299387438833
885.0	0.01880716037260314
886.0	0.00916173526449733
887.0	0.009094912366767549
888.0	0.003433813918621746
889.0	0.002885375638572291
890.0	0.001941927096086345
891.0	0.0009233026947329187
892.0	0.016809613363374633
893.0	0.04100266860298343
894.0	0.011702033355008537
895.0	0.010164105820794257
896.0	0.01032892157051975
897.0	0.008086669616081786
898.0	0.00577274344324956
899.0	0.0028916355139107855
900.0	0.004848762530851976
901.0	0.004003437005572814
902.0	0.0008957103446900402
903.0	0.021920610884515815
904.0	0.010752285242066461
905.0	0.008112652307631061
907.0	0.006884446734790006
908.0	0.018334148422335786
909.0	0.003123624521097108
910.0	0.002361680501080744
911.0	0.0026487708049730027
912.0	0.0015636797974079536
913.0	0.0006747809846586574
914.0	0.005341197910774488
915.0	0.01168420295944603
916.0	0.012134302787894246
917.0	0.011053214066882654
918.0	0.006108085319566822
919.0	0.005999820590115872
920.0	0.0034319862290863277
921.0	0.007774327917562972
922.0	0.0017617700599830235
923.0	0.0016312017071525692
924.0	0.000964035088370988
925.0	0.0049924733492087234
926.0	0.004899599691189421
927.0	0.01227961227405578
928.0	0.008708572279162797
929.0	0.00321285881335296
930.0	0.004457298389566934
931.0	0.0034780552199853774
932.0	0.00251181504599352
933.0	0.0014122840133790995
934.0	0.0009529253174757373
935.0	0.0006387708440572208
936.0	0.0030945433817385895
937.0	0.0034512451590242243
938.0	0.004820992351046105
939.0	0.005951566580466781
940.0	0.004661242553205381
941.0	0.0022134882893491835
942.0	0.0035277083750849553
943.0	0.0009629607141736588
944.0	0.001329618337153953
945.0	0.0007347420353855547
946.0	0.0011637038451184313
947.0	0.005587552154647236
948.0	0.003954176670670531
949.0	0.002589615386004721
950.0	0.0021908645139674747
951.0	0.002754139833525001
952.0	0.0017051136821107642
953.0	0.00396254133994089
954.0	0.0011718414957166956
955.0	0.0007175380927531194
956.0	0.0011371237379359344
957.0	0.0007432540370776832
958.0	0.0007837048015879055
959.0	0.00207326847106318
960.0	0.0014243828707407513
961.0	0.0012852668615210663
962.0	0.002268581352805102
963.0	0.0012601896882130383
964.0	0.0005880775285425314
965.0	0.000731684198979727
966.0	0.000582140054021478
967.0	0.001040373245303141
968.0	0.0002918517304920618
969.0	0.09116359912985056
970.0	0.09425453572128716
971.0	0.037017006236745406
972.0	0.01939707057127159
973.0	0.022365627987311704
974.0	0.009990470740075644
975.0	0.0046337345973339016
976.0	0.005566582170106942
977.0	0.002623010740328409
978.0	0.002146901184246399
979.0	0.00040282448857297855
980.0	0.1898216524822113
981.0	0.2415486584330833
982.0	0.09404495629833884
983.0	0.028327453317234966
984.0	0.015660265654456926
985.0	0.009468803178768356
986.0	0.005792521692631946
987.0	0.005278157572555939
988.0	0.0023509015635069276
989.0	0.0011252218753518093
990.0	0.0006391952902548541
991.0	0.08397980799280486
992.0	0.10852080165525044
993.0	0.04136205894900512
994.0	0.027362020593082258
995.0	0.018539204595100018
996.0	0.016317502641609673
997.0	0.010703483954112154
998.0	0.003375613989325383
999.0	0.003360631903442102
1000.0	0.0028329435895449308
1001.0	0.0010298599370440584
1002.0	0.04552288217773778
1003.0	0.052145760045574946
1004.0	0.026987991710127276
1005.0	0.04709120379507729
1006.0	0.016401361343142927
1007.0	0.015935106859120068
1008.0	0.006205905811824295
1009.0	0.004645826775807531
1010.0	0.006124642287444094
1011.0	0.0012272656863889144
1012.0	0.0013993393042985548
1013.0	0.013735166891336296
1014.0	0.017302075913552997
1015.0	0.017626808671397147
1016.0	0.019070838288653767
1017.0	0.0303191578193754
1018.0	0.007481974473115565
1020.0	0.004820426156315526
1021.0	0.0017703149988207698
1022.0	0.0014508271895285465
1023.0	0.0010337360475270773
1024.0	0.022356578481129544
1025.0	0.015936843464307095
1026.0	0.011624066672317003
1027.0	0.011630726288467796
1028.0	0.01547243412011564
1029.0	0.006973025999377446
1030.0	0.006097870490270112
1031.0	0.0021781547357576933
1032.0	0.004769749087580698
1033.0	0.0019249551573920188
1034.0	0.00065621134530045
1035.0	0.008846980178377109
1036.0	0.008193982268299744
1037.0	0.020823060659142252
1038.0	0.017049960409763296
1039.0	0.0054957102901942315
1040.0	0.003547111105619738
1041.0	0.00585856030964469
1042.0	0.0023949633294561195
1043.0	0.0010948146297459862
1044.0	0.0010359947928252756
1045.0	0.000809974593223241
1046.0	0.004865056618249107
1047.0	0.006139615403928057
1048.0	0.009757258646000508
1049.0	0.0056621172653982905
1050.0	0.004916456240503679
1051.0	0.006048402326609979
1052.0	0.004121042816601715
1053.0	0.0013459544056175308
1054.0	0.000791732570256517
1055.0	0.001253396288590511
1056.0	0.0006325351546037662
1057.0	0.0024741869818899736
1058.0	0.00814527252772145
1059.0	0.004649702289528693
1060.0	0.0030786569995405297
1061.0	0.0021070607179578997
1062.0	0.0021811714051637086
1063.0	0.0015273705535242335
1064.0	0.002216181132052323
1065.0	0.0006863812330231173
1066.0	0.0011492966062543956
1067.0	0.0005841917672478055
1068.0	0.001099425427215422
1069.0	0.0023660278403857026
1070.0	0.0020683972589506916
1071.0	0.0017883334782746703
1072.0	0.0021072931749035136
1073.0	0.002098473948305893
1074.0	0.0013619774922209043
1075.0	0.0007729729744808906
1076.0	0.0009561685595364849
1077.0	0.0005883291125965841
1078.0	0.0007332255781365866
1079.0	0.0007082352043899499
1080.0	0.001927238938505389
1081.0	0.0011876399836671988
1082.0	0.0013293831613309206
1083.0	0.0007427409311476349
1084.0	0.0009529840508393509
1085.0	0.0006894637770281233
1086.0	0.00048757818076952013
1087.0	0.00039586112314653925
1088.0	0.0003657589232141234
1089.0	0.00017129835011440016
1090.0	0.09491018142246295
1091.0	0.07792980802534558
1092.0	0.028702078447547765
1093.0	0.0213695373445053
1094.0	0.009193775075465213
1095.0	0.009847392031608426
1096.0	0.0036738744888482537
1097.0	0.00497433226582424
1098.0	0.0013969238455309558
1099.0	0.000555062623508216
1100.0	0.00011230739907207837
1101.0	0.9999999999999994
1102.0	0.07648462401844441
1103.0	0.037894019129504075
1104.0	0.021968146142144578
1105.0	0.011404767919617701
1106.0	0.010365487136936441
1107.0	0.01391044841345215
1108.0	0.005264587512911657
1109.0	0.002362503345512008
1110.0	0.0013187946947532422
1111.0	0.00025703236587420764
1112.0	0.11379287691867694
1113.0	0.07820564931574409
1114.0	0.037317739275956066
1115.0	0.023276197975108624
1116.0	0.01333065634892214
1117.0	0.007898155983369756
1118.0	0.0047709978960988825
1119.0	0.0045087617588103965
1120.0	0.003299100517341581
1121.0	0.000883863416762811
1122.0	0.00043918100220472297
1123.0	0.028023835830319668
1124.0	0.028160584309357875
1125.0	0.01994334093383908
1126.0	0.014081519952736593
1127.0	0.017068690134447444
1128.0	0.011822380257705118
1129.0	0.004088155463110467
1130.0	0.005697355221747462
1131.0	0.0014852332679672947
1132.0	0.0009091939037968287
1133.0	0.000442248402396282
1134.0	0.031384962327821245
1135.0	0.015352198276632442
1136.0	0.019338416649019315
1137.0	0.00994402875435214
1138.0	0.004878111532687527
1139.0	0.004752826930420448
1140.0	0.009661106385474218
1141.0	0.0035522326164819477
1142.0	0.0017443751821085661
1143.0	0.0015750874786096074
1144.0	0.0006766847944498318
1145.0	0.004856609388203296
1146.0	0.023266126602523307
1147.0	0.017519278721047617
1148.0	0.01903367262917011
1149.0	0.00474830634906539
1150.0	0.0028121866296967027
1151.0	0.002891893440702878
1152.0	0.0021023873990852946
1153.0	0.0016401982073469695
1154.0	0.0013800027029095803
1155.0	0.00030724216402522537
1156.0	0.00696359015576802
1157.0	0.005053569474467147
1158.0	0.006525544580816768
1159.0	0.005896599532614699
1160.0	0.004399360035343819
1161.0	0.0029585005162707234
1162.0	0.0015739567785736804
1163.0	0.001361758633443762
1164.0	0.000975755781165545
1165.0	0.0006990007146401428
1166.0	0.00044614991174549905
1167.0	0.0028012550151934414
1168.0	0.00536157465400627
1169.0	0.002799848566241133
1170.0	0.004025375024992128
1171.0	0.003921619534074851
1172.0	0.0021086234696059917
1173.0	0.001190336202928979
1174.0	0.0012838277823037682
1175.0	0.0005408016081618621
1176.0	0.0006372587752879301
1177.0	0.00027244756310925984
1178.0	0.0030067154476118587
1179.0	0.0020712879146250495
1180.0	0.001828637302861413
1181.0	0.001674801505588754
1182.0	0.0023645909136745056
1183.0	0.0019469092175302505
1184.0	0.0010608178987649263
1185.0	0.0005333887558485119
1186.0	0.0004480304691239178
1187.0	0.00047369274228466207
1188.0	0.0003184185688201959
1189.0	0.001309022423521722
1190.0	0.0010463104603168536
1191.0	0.0028625754956860686
1192.0	0.0009876484801764219
1193.0	0.0011361071546928158
1194.0	0.0007575068067617134
1195.0	0.0008999966747926817
1196.0	0.0005405693129513167
1197.0	0.0003442445688564617
1198.0	0.0003297829561851287
1199.0	0.00012220424698103886
1200.0	0.0004488069088676961
1201.0	0.00038882505924090784
1202.0	0.00044765933897067655
1203.0	0.0006590708181942225
1204.0	0.0008381291190007219
1205.0	0.0004334892526398534
1206.0	0.00037518827182881725
1207.0	0.00027597514052031595
1208.0	0.00019912527645615254
1209.0	0.00012135952823794228
1210.0	4.525892883165426e-5
