1 2 0.838244438465111
1 21 1
1 22 0.752560054879631
2 3 0.784841969034695
2 21 0.838244438465111
2 22 0.590804493344742
2 23 0.742295530480169
3 4 0.946597530569585
3 22 0.699157585449216
3 23 0.850648622584643
3 24 0.946597530569585
4 5 1
4 23 0.904051092015059
4 24 1
4 25 1
5 6 1
5 24 1
5 25 1
5 26 1
6 7 1
6 25 1
6 26 1
6 27 1
7 8 1
7 26 1
7 27 1
7 28 1
8 9 0.854455675441592
8 27 1
8 28 1
8 29 0.900474991441965
9 10 0.631136808306716
9 28 0.854455675441592
9 29 0.754930666883556
9 30 0.700610592026318
10 11 0.625083232517263
10 29 0.677156124307088
10 30 0.62283604944985
10 31 0.763521794019378
11 12 0.698997499950296
11 30 0.694557016236865
11 31 0.835242760806394
11 32 0.580379264601284
12 13 0.769417233072606
12 31 0.837436061452411
12 32 0.582572565247301
12 33 0.736212725128218
13 14 0.91882183277445
13 32 0.650798997723594
13 33 0.80443915760451
13 34 0.753257524646351
14 15 1
14 33 0.885617324830061
14 34 0.834435691871901
14 35 1
15 16 1
15 34 0.834435691871901
15 35 1
15 36 1
16 17 1
16 35 1
16 36 1
16 37 1
17 18 1
17 36 1
17 37 1
17 38 1
18 19 1
18 37 1
18 38 1
18 39 1
19 20 1
19 38 1
19 39 1
19 40 1
20 39 1
20 40 1
21 22 0.752560054879631
21 41 1
21 42 0.812640201408485
22 23 0.65661114689469
22 41 0.752560054879631
22 42 0.565200256288116
22 43 0.660544126149637
23 24 0.904051092015059
23 42 0.716691293423544
23 43 0.812035163285064
23 44 0.904051092015059
24 25 1
24 43 0.907984071270005
24 44 1
24 45 1
25 26 1
25 44 1
25 45 1
25 46 1
26 27 1
26 45 1
26 46 1
26 47 1
27 28 1
27 46 1
27 47 1
27 48 1
28 29 0.900474991441965
28 47 1
28 48 1
28 49 1
29 30 0.74662990802669
29 48 0.900474991441965
29 49 0.900474991441965
29 50 0.900474991441965
30 31 0.83299557773898
30 49 0.846154916584726
30 50 0.846154916584726
30 51 0.846154916584726
31 32 0.718817826103399
31 50 0.986840661154255
31 51 0.986840661154255
31 52 0.928056231535857
32 33 0.617594489779206
32 51 0.731977164949144
32 52 0.673192735330747
32 53 0.703388060215638
33 34 0.720053016701963
33 52 0.826832895211664
33 53 0.857028220096555
33 54 0.885617324830061
34 35 0.834435691871901
34 53 0.805846587138396
34 54 0.834435691871901
34 55 0.834435691871901
35 36 1
35 54 1
35 55 1
35 56 1
36 37 1
36 55 1
36 56 1
36 57 1
37 38 1
37 56 1
37 57 1
37 58 1
38 39 1
38 57 1
38 58 1
38 59 0.958756264300625
39 40 1
39 58 1
39 59 0.958756264300625
39 60 0.953684501722913
40 59 0.958756264300625
40 60 0.953684501722913
41 42 0.812640201408485
41 61 1
41 62 0.849767706039055
42 43 0.72062427267849
42 61 0.812640201408485
42 62 0.662407907447541
42 63 0.751536128033535
43 44 0.907984071270005
43 62 0.757751777309061
43 63 0.846879997895055
43 64 0.907984071270005
44 45 1
44 63 0.93889592662505
44 64 1
44 65 1
45 46 1
45 64 1
45 65 1
45 66 1
46 47 1
46 65 1
46 66 1
46 67 1
47 48 1
47 66 1
47 67 1
47 68 1
48 49 1
48 67 1
48 68 1
48 69 0.963920814572167
49 50 1
49 68 1
49 69 0.963920814572167
49 70 0.927841629124438
50 51 1
50 69 0.963920814572167
50 70 0.927841629124438
50 71 0.86959599192343
51 52 0.941215570381603
51 70 0.927841629124438
51 71 0.86959599192343
51 72 1
52 53 0.912626465648097
52 71 0.810811562305033
52 72 0.941215570381603
52 73 0.941215570381603
53 54 0.971410895266494
53 72 0.971410895266494
53 73 0.971410895266494
53 74 0.971410895266494
54 55 1
54 73 1
54 74 1
54 75 1
55 56 1
55 74 1
55 75 1
55 76 1
56 57 1
56 75 1
56 76 1
56 77 1
57 58 1
57 76 1
57 77 1
57 78 1
58 59 0.958756264300625
58 77 1
58 78 1
58 79 0.834673400287733
59 60 0.912440766023538
59 78 0.958756264300625
59 79 0.793429664588358
59 80 0.778691872787369
60 79 0.788357902010646
60 80 0.773620110209657
61 62 0.849767706039055
61 81 1
61 82 0.997817330518468
62 63 0.788663632664105
62 81 0.849767706039055
62 82 0.847585036557524
62 83 0.842499087344565
63 64 0.93889592662505
63 82 0.936713257143518
63 83 0.931627307930559
63 84 0.93889592662505
64 65 1
64 83 0.99273138130551
64 84 1
64 85 1
65 66 1
65 84 1
65 85 1
65 86 1
66 67 1
66 85 1
66 86 1
66 87 1
67 68 1
67 86 1
67 87 1
67 88 1
68 69 0.963920814572167
68 87 1
68 88 1
68 89 0.926767298852247
69 70 0.891762443696605
69 88 0.963920814572167
69 89 0.890688113424414
69 90 0.637952717801793
70 71 0.797437621047868
70 89 0.854608927976685
70 90 0.601873532354064
70 91 0.724787715456012
71 72 0.86959599192343
71 90 0.543627895153056
71 91 0.666542078255004
71 92 0.811089311438642
72 73 1
72 91 0.796946086331573
72 92 0.941493319515212
72 93 1
73 74 1
73 92 0.941493319515212
73 93 1
73 94 0.998218311832747
74 75 1
74 93 1
74 94 0.998218311832747
74 95 0.998218311830991
75 76 1
75 94 0.998218311832747
75 95 0.998218311830991
75 96 0.981275542893065
76 77 1
76 95 0.998218311830991
76 96 0.981275542893065
76 97 0.927841629137563
77 78 1
77 96 0.981275542893065
77 97 0.927841629137563
77 98 1
78 79 0.834673400287733
78 97 0.927841629137563
78 98 1
78 99 0.959498052558827
79 80 0.654609008774477
79 98 0.834673400287733
79 99 0.79417145284656
79 100 0.830784937161567
80 99 0.779433661045571
80 100 0.816047145360578
81 82 0.997817330518468
81 101 1
81 102 1
82 83 0.990548711823978
82 101 0.997817330518468
82 102 0.997817330518468
83 84 0.99273138130551
83 102 0.99273138130551
84 85 1
85 86 1
86 87 1
87 88 1
87 108 1
88 89 0.926767298852247
88 108 1
88 109 0.999241689134934
89 90 0.600799202081873
89 108 0.926767298852247
89 109 0.92600898798718
89 110 0.926226307734243
90 91 0.4709779895612
90 109 0.67327359236456
90 110 0.673490912111623
90 111 0.64569133645786
91 92 0.738439405846786
91 110 0.79640509521357
91 111 0.768605519559807
91 112 0.796605259534417
92 93 0.941493319515212
92 111 0.913152752743446
92 112 0.941152492718056
92 113 0.941493319515212
93 94 0.998218311832747
93 112 0.999659173202844
93 113 1
93 114 1
94 95 0.996436623663738
94 113 0.998218311832747
94 114 0.998218311832747
94 115 0.997905573478672
95 96 0.979493854724055
95 114 0.998218311830991
95 115 0.997905573476917
95 116 0.996239963399172
96 97 0.909117172030627
96 115 0.98096280453899
96 116 0.979297194461246
96 117 0.981275542893065
97 98 0.927841629137563
97 116 0.925863280705744
97 117 0.927841629137563
97 118 0.927841629137563
98 99 0.959498052558827
98 117 1
98 118 1
98 119 0.969041728219719
99 100 0.955609589432661
99 118 0.959498052558827
99 119 0.928539780778546
99 120 0.91042905209735
100 119 0.965153265093552
100 120 0.947042536412356
101 102 1
101 121 1
101 122 1
102 121 1
102 122 1
108 109 0.999241689134934
109 110 0.998700698016931
110 111 0.97111844211023
111 112 0.971318606431077
112 113 0.999659173202844
113 114 1
114 115 0.999687261645926
115 116 0.997708913214107
115 136 0.999687261645926
116 117 0.998021651568181
116 136 0.998021651568181
116 137 0.998021651568181
117 118 1
117 136 1
117 137 1
117 138 1
118 119 0.969041728219719
118 137 1
118 138 1
118 139 0.87918459323356
119 120 0.919972727758241
119 138 0.969041728219719
119 139 0.848226321453279
119 140 0.846770856917915
120 139 0.830115592772082
120 140 0.828660128236719
121 122 1
121 141 1
121 142 1
122 141 1
122 142 1
136 137 1
136 156 1
136 157 1
137 138 1
137 156 1
137 157 1
137 158 1
138 139 0.87918459323356
138 157 1
138 158 1
138 159 0.631727384676488
139 140 0.756913721931757
139 158 0.87918459323356
139 159 0.510911977910048
139 160 0.509377201212514
140 159 0.509456513374684
140 160 0.50792173667715
141 142 1
141 161 1
141 162 1
142 161 1
142 162 1
156 157 1
156 176 1
156 177 0.997629936434625
157 158 1
157 176 1
157 177 0.997629936434625
157 178 0.829325285483143
158 159 0.631727384676488
158 177 0.997629936434625
158 178 0.829325285483143
158 179 0.686775616949789
159 160 0.261919992655441
159 178 0.46105267015963
159 179 0.318503001626276
159 180 0.33847262675485
160 179 0.316968224928742
160 180 0.336937850057316
161 162 1
161 181 1
161 182 1
162 181 1
162 182 1
176 177 0.997629936434625
176 196 1
176 197 0.997370949168513
177 178 0.826955221917768
177 196 0.997629936434625
177 197 0.995000885603139
177 198 0.772467667270654
178 179 0.516100902432931
178 197 0.826696234651656
178 198 0.604163016319171
178 199 0.525201478411665
179 180 0.393520859028151
179 198 0.461613347785817
179 199 0.382651809878311
179 200 0.370953028898757
180 199 0.402621435006885
180 200 0.390922654027331
181 182 1
181 201 1
181 202 1
182 201 1
182 202 1
196 197 0.997370949168513
196 216 1
196 217 0.971247303903549
197 198 0.772208680004542
197 216 0.997370949168513
197 217 0.968618253072063
197 218 0.858112489976616
198 199 0.470713923764551
198 217 0.746085034739578
198 218 0.635579271644131
198 219 0.719799149745395
199 200 0.380053604877491
199 218 0.556617733736625
199 219 0.64083761183789
199 220 0.671218439901233
200 219 0.629138830858335
200 220 0.659519658921679
201 202 1
201 221 1
201 222 1
202 221 1
202 222 1
202 223 1
216 217 0.971247303903549
216 235 1
216 236 1
216 237 0.937567460258353
217 218 0.831988844711651
217 236 0.971247303903549
217 237 0.908814764161902
217 238 0.969100623021397
218 219 0.805702959717469
218 237 0.798309001066456
218 238 0.858594859925951
218 239 0.860741540808103
219 220 0.920303665882076
219 238 0.942814738027214
219 239 0.944961418909366
219 240 0.944961418909366
220 239 0.97534224697271
220 240 0.97534224697271
221 222 1
221 241 1
221 242 1
222 223 1
222 241 1
222 242 1
222 243 1
223 224 1
223 242 1
223 243 1
223 244 0.77929025014032
224 225 1
224 243 1
224 244 0.77929025014032
224 245 0.946525528868357
225 226 1
225 244 0.77929025014032
225 245 0.946525528868357
225 246 0.995998503938617
226 227 0.934692097570331
226 245 0.946525528868357
226 246 0.995998503938617
226 247 0.994170354702867
227 228 0.836623873779484
227 246 0.930690601508948
227 247 0.928862452273198
227 248 0.880424773208489
228 247 0.89610213091202
228 248 0.847664451847311
228 249 0.901931776209153
233 234 1
233 252 1
233 253 1
233 254 1
234 235 1
234 253 1
234 254 1
234 255 1
235 236 1
235 254 1
235 255 1
235 256 1
236 237 0.937567460258353
236 255 1
236 256 1
236 257 0.868700594688293
237 238 0.935420779376201
237 256 0.937567460258353
237 257 0.806268054946646
237 258 0.918664280645421
238 239 0.997853319117848
238 257 0.866553913806141
238 258 0.978950139504916
238 259 0.997853319117848
239 240 1
239 258 0.981096820387068
239 259 1
239 260 1
240 259 1
240 260 1
241 242 1
241 261 1
241 262 1
242 243 1
242 261 1
242 262 1
242 263 0.956846141882666
243 244 0.77929025014032
243 262 1
243 263 0.956846141882666
243 264 0.546139828859119
244 245 0.725815779008677
244 263 0.736136392022986
244 264 0.325430078999439
244 265 0.709666619165862
245 246 0.942524032806973
245 264 0.492665357727475
245 265 0.876901897893899
245 266 0.946525528868357
246 247 0.990168858641483
246 265 0.926374872964159
246 266 0.995998503938617
246 267 0.995998503938617
247 248 0.939903030341025
247 266 0.994170354702867
247 267 0.994170354702867
247 268 0.994170354702867
248 249 0.945732675638158
248 267 0.945732675638158
248 268 0.945732675638158
248 269 0.945732675638158
249 250 1
249 268 1
249 269 1
249 270 1
250 251 1
250 269 1
250 270 1
250 271 1
251 252 1
251 270 1
251 271 1
251 272 1
252 253 1
252 271 1
252 272 1
252 273 1
253 254 1
253 272 1
253 273 1
253 274 1
254 255 1
254 273 1
254 274 1
254 275 1
255 256 1
255 274 1
255 275 1
255 276 1
256 257 0.868700594688293
256 275 1
256 276 1
256 277 0.998218311829204
257 258 0.84979741507536
257 276 0.868700594688293
257 277 0.866918906517496
257 278 0.852665401161797
258 259 0.981096820387068
258 277 0.979315132216272
258 278 0.965061626860572
258 279 0.981096820387068
259 260 1
259 278 0.983964806473504
259 279 1
259 280 1
260 279 1
260 280 1
261 262 1
261 281 1
261 282 1
262 263 0.956846141882666
262 281 1
262 282 1
262 283 0.998519132792147
263 264 0.502985970741785
263 282 0.956846141882666
263 283 0.955365274674813
263 284 0.558024465671517
264 265 0.476516197884661
264 283 0.544658961651266
264 284 0.14731815264797
264 285 0.373993013205266
265 266 0.930376369025542
265 284 0.531554692814394
265 285 0.758229553371689
265 286 0.930376369025542
266 267 1
266 285 0.827853184346147
266 286 1
266 287 1
267 268 1
267 286 1
267 287 1
267 288 0.998218311832036
268 269 1
268 287 1
268 288 0.998218311832036
268 289 1
269 270 1
269 288 0.998218311832036
269 289 1
269 290 1
270 271 1
270 289 1
270 290 1
270 291 1
271 272 1
271 290 1
271 291 1
271 292 1
272 273 1
272 291 1
272 292 1
272 293 1
273 274 1
273 292 1
273 293 1
273 294 1
274 275 1
274 293 1
274 294 1
274 295 1
275 276 1
275 294 1
275 295 1
275 296 1
276 277 0.998218311829204
276 295 1
276 296 1
276 297 0.994654935491499
277 278 0.982183118302709
277 296 0.998218311829204
277 297 0.992873247320703
277 298 0.984817396940077
278 279 0.983964806473504
278 297 0.978619741965004
278 298 0.970563891584378
278 299 0.967929612939443
279 280 1
279 298 0.986599085110873
279 299 0.983964806465939
279 300 1
280 299 0.983964806465939
280 300 1
281 282 1
281 301 1
281 302 1
282 283 0.998519132792147
282 301 1
282 302 1
282 303 0.999550454805852
283 284 0.599697456580999
283 302 0.998519132792147
283 303 0.998069587598
283 304 0.800270967874405
284 285 0.429031508134998
284 303 0.600728778594704
284 304 0.402930158871109
284 305 0.593079298411682
285 286 0.827853184346147
285 304 0.629605019428404
285 305 0.819754158968977
285 306 0.827853184346147
286 287 1
286 305 0.99190097462283
286 306 1
286 307 0.9946549354929
287 288 0.998218311832036
287 306 1
287 307 0.9946549354929
287 308 0.998218311831231
288 289 0.998218311832036
288 307 0.992873247324936
288 308 0.996436623663267
288 309 0.998218311832036
289 290 1
289 308 0.998218311831231
289 309 1
289 310 1
290 291 1
290 309 1
290 310 1
290 311 1
291 292 1
291 310 1
291 311 1
291 312 1
292 293 1
292 311 1
292 312 1
292 313 1
293 294 1
293 312 1
293 313 1
293 314 1
294 295 1
294 313 1
294 314 1
294 315 1
295 296 1
295 314 1
295 315 1
295 316 0.998218311832694
296 297 0.994654935491499
296 315 1
296 316 0.998218311832694
296 317 0.994654935495898
297 298 0.981254020602372
297 316 0.992873247324193
297 317 0.989309870987398
297 318 0.992020656849209
298 299 0.970563891576812
298 317 0.981254020606771
298 318 0.983964806468583
298 319 0.986599085110873
299 300 0.983964806465939
299 318 0.981330527823649
299 319 0.983964806465939
299 320 0.983964806465939
300 319 1
300 320 1
301 302 1
301 321 1
301 322 1
302 303 0.999550454805852
302 321 1
302 322 1
302 323 1
303 304 0.80130228988811
303 322 0.999550454805852
303 323 0.999550454805852
303 324 0.999550454805852
304 305 0.793652809705088
304 323 0.801751835082257
304 324 0.801751835082257
304 325 0.801751835082257
305 306 0.99190097462283
305 324 0.99190097462283
305 325 0.99190097462283
305 326 0.99190097462283
306 307 0.9946549354929
306 325 1
306 326 1
306 327 1
307 308 0.992873247324131
307 326 0.9946549354929
307 327 0.9946549354929
307 328 0.9946549354929
308 309 0.998218311831231
308 327 0.998218311831231
308 328 0.998218311831231
308 329 0.998218311831231
309 310 1
309 328 1
309 329 1
309 330 1
310 311 1
310 329 1
310 330 1
310 331 1
311 312 1
311 330 1
311 331 1
311 332 1
312 313 1
312 331 1
312 332 1
312 333 0.999928418401743
313 314 1
313 332 1
313 333 0.999928418401743
313 334 1
314 315 1
314 333 0.999928418401743
314 334 1
314 335 1
315 316 0.998218311832694
315 334 1
315 335 1
315 336 0.996436623662828
316 317 0.992873247328593
316 335 0.998218311832694
316 336 0.994654935495522
316 337 0.952036954480674
317 318 0.992020656853609
317 336 0.991091559158726
317 337 0.948473578143878
317 338 0.994654935495898
318 319 0.99736572135771
318 337 0.95118436400569
318 338 0.99736572135771
318 339 0.99736572135771
319 320 1
319 338 1
319 339 1
319 340 1
320 339 1
320 340 1
321 322 1
321 341 1
321 342 1
322 323 1
322 341 1
322 342 1
322 343 1
323 324 1
323 342 1
323 343 1
323 344 1
324 325 1
324 343 1
324 344 1
324 345 1
325 326 1
325 344 1
325 345 1
325 346 1
326 327 1
326 345 1
326 346 1
326 347 1
327 328 1
327 346 1
327 347 1
327 348 1
328 329 1
328 347 1
328 348 1
328 349 1
329 330 1
329 348 1
329 349 1
329 350 1
330 331 1
330 349 1
330 350 1
330 351 0.966151764729251
331 332 1
331 350 1
331 351 0.966151764729251
331 352 0.82093080361748
332 333 0.999928418401743
332 351 0.966151764729251
332 352 0.82093080361748
332 353 0.863228629834748
333 334 0.999928418401743
333 352 0.820859222019223
333 353 0.863157048236491
333 354 0.999928418401743
334 335 1
334 353 0.863228629834748
334 354 1
334 355 1
335 336 0.996436623662828
335 354 1
335 355 1
335 356 0.999515192170227
336 337 0.950255266310808
336 355 0.996436623662828
336 356 0.995951815833054
336 357 0.936037234468357
337 338 0.95381864264798
337 356 0.953333834818207
337 357 0.893419253453509
337 358 0.910618700421956
338 339 1
338 357 0.939600610805529
338 358 0.956800057773976
338 359 0.997189946020172
339 340 1
339 358 0.956800057773976
339 359 0.997189946020172
339 360 1
340 359 0.997189946020172
340 360 1
341 342 1
341 361 1
341 362 1
342 343 1
342 361 1
342 362 1
342 363 1
343 344 1
343 362 1
343 363 1
343 364 1
344 345 1
344 363 1
344 364 1
344 365 1
345 346 1
345 364 1
345 365 1
345 366 1
346 347 1
346 365 1
346 366 1
346 367 1
347 348 1
347 366 1
347 367 1
347 368 1
348 349 1
348 367 1
348 368 1
348 369 1
349 350 1
349 368 1
349 369 1
349 370 1
350 351 0.966151764729251
350 369 1
350 370 1
350 371 0.919430140287445
351 352 0.787082568346731
351 370 0.966151764729251
351 371 0.885581905016696
351 372 0.857366553965642
352 353 0.684159433452228
352 371 0.740360943904925
352 372 0.71214559285387
352 373 0.739752636391595
353 354 0.863228629834748
353 372 0.754443419071139
353 373 0.782050462608863
353 374 0.863228629834748
354 355 1
354 373 0.918821832774115
354 374 1
354 375 1
355 356 0.999515192170227
355 374 1
355 375 1
355 376 0.963369851862218
356 357 0.939115802975756
356 375 0.999515192170227
356 376 0.962885044032445
356 377 0.958485465269524
357 358 0.896400668579505
357 376 0.902970462667747
357 377 0.898570883904827
357 378 0.893247892319484
358 359 0.953990003794148
358 377 0.915770330873274
358 378 0.91044733928793
358 379 0.956800057773976
359 360 0.997189946020172
359 378 0.950837227534127
359 379 0.997189946020172
359 380 0.997189946020172
360 379 1
360 380 1
361 362 1
361 381 1
361 382 1
362 363 1
362 381 1
362 382 1
362 383 1
363 364 1
363 382 1
363 383 1
363 384 1
364 365 1
364 383 1
364 384 1
364 385 1
365 366 1
365 384 1
365 385 1
365 386 1
366 367 1
366 385 1
366 386 1
366 387 1
367 368 1
367 386 1
367 387 1
367 388 1
368 369 1
368 387 1
368 388 1
368 389 1
369 370 1
369 388 1
369 389 1
369 390 1
370 371 0.919430140287445
370 389 1
370 390 1
370 391 1
371 372 0.810644929523835
371 390 0.919430140287445
371 391 0.919430140287445
371 392 0.919430140287445
372 373 0.810036622010506
372 391 0.891214789236391
372 392 0.891214789236391
372 393 0.891214789236391
373 374 0.918821832774115
373 392 0.918821832774115
373 393 0.918821832774115
373 394 0.918821832774115
374 375 1
374 393 1
374 394 1
374 395 1
375 376 0.963369851862218
375 394 1
375 395 1
375 396 1
376 377 0.922340124961516
376 395 0.963369851862218
376 396 0.963369851862218
376 397 0.963369851862218
377 378 0.912617554613252
377 396 0.958970273099298
377 397 0.958970273099298
377 398 0.958970273099298
378 379 0.953647281513955
378 397 0.953647281513955
378 398 0.953647281513955
378 399 0.953647281513955
379 380 1
379 398 1
379 399 1
379 400 1
380 399 1
380 400 1
381 382 1
382 383 1
383 384 1
384 385 1
385 386 1
386 387 1
387 388 1
388 389 1
389 390 1
390 391 1
391 392 1
392 393 1
393 394 1
394 395 1
395 396 1
396 397 1
397 398 1
398 399 1
399 400 1
